35180
31235
32394
36078
34180
34560
34718
40549
49802
41768
38603
8674114
38995
5740676
44855
35509
33840
30981
38766
44669
326172
5740497
33972
31598
41631
42523
34991
41931
36580
33836
47457
35693
31187
41666
37702
250811
39751
44010
32994
43414
43535
31803
38736
35042
41069
41170
37027
32418
32165
38169
43182
31574
43867
33343
30522409
38070
39947
35004
44885
39419
40652
43604
43501
31490
41252
31905
38654
40102
39965
42554
246653
43197
32009
38890
34732
44936
39522
43508
42930
32256
34304
35555
50356
31434
32574
45880
35007
3771960
39835
35540
42137
32619
36271
31070
30522409
42465
40471
42797
41176
318260
35975
37156
40296
32752
42831
39587
31185
34288
31168
33222
43294
34646
38490
41113
37336
44786
44100
41187
3346149
59235
34882
41640
39435
37301
31237
46187
39481
41726
40682
41694
32836
53577
34645
40851
34673
42158
44548
33917
33413
32786
39513
38217
33492
39025
36460
41150
46080
31386
39810
39693
33026
33602
41342
33081
7354428
34881
3772349
33640
49580
40342
34636
39329
33183
34908
50073
38009
33988
32216
38145
42891
40640
35221
42737
37317
36224
31157
42973
42978
32682
33604
41390
37021
43197
59176
31945
40848
38077
42835
35702
38002
42463
39720
42062
39682
36992
32127
32987
38085
35526
3346238
43767
37410
42055
36336
40448
34616
38772
32267
44275
36129
26067072
38469
38017
40205
33541
33260
35569
31611
50068
39385
41638
32024
45234
36048
38451
40055
59218
40679
41869
40527
41550
38629
35715
39232
41656
34543
39608
36668
31521
39160
43867
33524
35813
41592
32517
31293
38116
43235
31217
45012
42567
34997
318872
47285
33957
2768881
37973
32613
36425
38873
38730
31555
38178
38890
36881
31826
36717
43127
40863
42560
44936
39158
43650
30522399
31342
38429
318682
43423
10178912
35509
34542
44679
39387
47877
40833
14462810
39947
41744
42846
38590
37749
37949
37152
19835431
37862
44497
41883
43841
36860
43728
33965
35359
36698
32230
35259
31490
44095
40620
44879
38338
41428
38605
10178861
36384
35336
42795
5740325
41616
32585
30522396
39043
43087
32813
8674055
31826
43467
36555
39958
34073
41034
35037
38643
39255
36746
317885
38438
42325
41363
32353
42428
32352
38747
32619
32428
5740766
318890
35979
38093
32751
34608
31464
32088
32119
38648
37979
37571
33140
36938
41306
44259
41058
43093
40998
37627
36299
40542
36826
37155
33434
45815
36433
37787
326206
36853
31194
5740853
7354423
31158
34282
38730
39516
50149
44135
39231
40144
32771
5740472
41737
31322
318916
32715
32860
32885
32207
39527
31344
43682
33544
34114
32688
53425
42350
36032
40453
32183
33802
43924
42150
35197
42752
14462810
36355
40310
38434
40117
37040
32042
36740
39130
39389
31656
39271
34112
41316
317976
31332
38074
32994
39338
32442
40817
40102
41133
38109
41423
34192
59173
43604
32352
39153
39947
32416
39899
43758
37340
32353
33343
36589
44936
46234
26067077
43276
39015
37669
3346225
34872
38064
318092
246454
2768725
34802
32768
64880
37496
34296
59233
50149
64877
12798232
14462445
40231
3346160
34812
40978
37500
35066
326246
35683
2768665
32826
35634
33248
42678
33520
38538
31653
31671
31130
33931
34333
31280
37518
31772
43862
43278
34165
37786
41114
33785
41116
318578
42986
318951
318953
42374
38665
43700
36438
34583
38133
31688
34809
42906
42293
33501
34250
36770
43362
326226
32980
3772082
39214
42322
31831
44920
48581
246520
34132
39017
50379
41059
36968
49228
36184
37443
3885642
35228
34161
41848
34469
39943
37948
35087
37511
43579
37170
43177
318222
42092
42682
34189
42063
40560
12797895
53436
5740402
34211
31902
19835590
19836030
19835900
38912
35835
33579
32641
38749
42596
32371
33330
3771965
36896
3771920
39069
38970
43379
34924
246648
32135
38994
35919
2768929
19834759
19835659
19836213
19835787
19835131
19836139
19834833
34345
33107
318981
38089
32320
33343
32428
34064
42363
31309
31382
34863
3354919
44632
39741
42397
39305
318137
37857
37053
5740130
40675
42626
37247
35987
35375
10178866
38451
38698
37605
59144
42460
246465
326135
31384
34790
39091
43576
326130
40439
39681
318583
47218
33203
3772322
39540
40016
41417
38382
38096
31918
41279
4379842
34680
34300
41036
31708
19834964
33552
46080
40685
317878
39935
42483
32124
32026
36041
33874
31612
42027
246566
38812
37089
318037
32312
49070
34264
42152
33515
37729
317834
32532
34007
36865
41538
33883
35745
10178782
246412
40599
40093
32864
31372
36764
36651
44307
41560
39430
34890
34548
37523
41035
40401
32282
35654
32916
36191
35922
40235
59145
31562
36271
40503
42507
32619
32057
37749
32774
33956
5740599
246595
32329
40617
33396
31386
41160
5740224
19835394
2768720
34348
40080
8674055
31512
38073
40661
32891
31781
3355126
36029
44791
38012
40867
37410
42795
34787
40074
40866
36384
53431
32611
35124
43001
26067059
7354472
40873
32986
37139
43466
43502
34719
43645
36293
59173
38559
35596
8674018
36043
42984
42279
33972
39232
39652
8674084
33838
35227
37552
31255
7354434
41743
246553
40179
38399
50300
31211
36569
45775
33807
39397
43725
41134
31547
36095
44095
43782
31525
42820
8673965
40152
32296
34953
117419
37065
31991
19836116
42940
2768909
33814
42062
31104
37007
31848
41473
39103
39527
39509
32321
30522400
35002
36431
36295
31857
31544
41790
34217
26067062
42089
42382
32252
33951
39957
39779
43928
31842
4379908
35715
43825
31799
35097
40352
36999
35941
35398
32353
40305
42845
37041
41072
35875
35546
317976
38185
35788
32787
42350
40998
41718
3772419
35430
38491
43607
34409
19835051
33263
3354987
34767
36725
31913
43433
40863
3772405
38357
43388
40468
3772506
32999
32009
37993
31615
36630
43806
43783
19834931
37298
43174
33599
7354411
3354991
34896
31843
36589
37852
32771
32648
41144
32002
35107
31002
43118
246521
42964
38193
40359
32798
3772082
31767
39396
41737
34742
35130
36363
41714
43223
43981
4379844
36616
37042
32297
32245
40019
44126
32079
40123
35898
38756
40934
38823
37198
48337
38985
41118
36510
49241
3885655
40225
35861
36771
42709
41074
37056
31887
41726
34946
35408
41058
31317
2768848
43501
31646
326145
34634
41289
246538
26067072
40303
38104
44233
46201
33403
32950
34582
35442
37144
35121
43924
14462476
50296
41420
32747
35578
31459
37037
37038
39049
39835
47249
36577
41020
7354410
32458
42930
38148
41900
40345
34539
32337
32387
36937
40029
12798339
41273
34249
36104
34813
36597
32017
40144
43758
33022
7354471
41138
246627
326151
39683
40653
32303
40555
53581
32557
33140
41207
36519
40319
36521
31187
38694
43220
32132
32902
32348
43838
44128
32052
43221
31082
43774
35211
38070
38624
33071
33049
44254
48317
40009
246509
41164
42313
7354409
45278
42258
35569
33185
42093
37113
33156
35404
36883
41265
32924
32474
38898
37614
31215
35277
42733
36045
35597
318066
40350
46234
45816
33139
32326
7354433
31738
40620
42880
37772
32536
3355072
35259
37919
34242
318651
40615
36073
32723
33046
53542
35837
36986
40370
3885583
50236
31650
31722
37143
59241
39732
32780
35007
35631
33462
38186
38995
40913
42295
39443
33473
31543
39367
35336
37386
44054
32416
34180
39145
8674050
43736
32751
41852
41666
34542
37201
39962
36876
38430
42652
40955
38518
19836220
31967
31145
40513
36511
39302
33235
39551
5740131
31266
42871
32327
40224
41376
36455
3885598
31000
38296
44129
3771890
34982
5740668
40842
34669
40897
41842
35771
43974
318246
37364
41428
32729
33001
4379817
250811
36075
37132
42752
34219
44451
43149
32340
31290
31110
44522
46155
35537
3885588
43183
5740147
40754
37836
38664
45840
46017
39158
39178
34438
34420
42747
31105
49809
19836008
14462837
36636
42341
41661
5740853
45973
38696
47764
31948
41363
31320
36042
42057
40848
34761
31553
44672
31760
38385
33968
43213
5740757
42891
31376
3885654
41786
43833
31056
31702
31620
3771905
36742
31380
31921
45588
42817
35902
32898
41302
39258
35770
35072
31554
45329
40721
31597
3355066
40964
33133
35958
38338
41788
41111
3771806
30522408
40385
43453
43087
34750
40793
35007
32630
34828
43654
42665
318243
31596
39013
43647
35004
45268
31353
32225
40081
35314
32229
33742
33752
41893
35440
41266
318140
32211
33513
38419
38246
35669
32947
34327
31678
43029
40450
41899
44631
43640
39904
53443
32005
44936
31293
31538
35895
31162
26067063
318221
38652
45821
32715
37108
32777
31521
43604
32166
42889
40515
31060
3772658
34638
33898
36689
36273
32233
318016
48971
40333
32603
31628
31955
39486
30522410
34225
41704
12798330
32338
2768914
36571
39613
40647
42249
246386
34920
33197
36329
36335
41511
40714
40092
41462
31253
31175
246666
31404
37215
48571
44885
39078
35098
39031
2768690
38654
31639
40990
31960
35588
35157
32629
41300
35480
50003
40384
318886
39985
36061
36749
38002
39174
33214
43052
32977
246565
50358
38846
32095
43532
39018
318046
37221
318698
318193
32415
48782
39479
31818
37820
31915
36911
3355109
39478
45234
59218
35499
45784
38685
37261
33920
49893
3355130
34281
34148
36135
53444
36072
39010
33772
41306
35268
42985
12798151
35779
3346177
32258
32529
33431
41610
117464
48971
34147
5740544
32437
44118
246485
38352
31497
43093
39750
36768
36995
39956
42560
37985
39434
35923
40865
39241
40391
35774
39716
32754
42291
36307
40060
32582
59150
41311
35078
44786
36967
53471
14462810
4379885
33239
43563
50315
42158
35764
31336
38068
36424
36656
50109
43146
33183
40139
3885610
34277
30982
44856
40245
33806
32042
45816
32765
45668
39775
37982
36282
31351
43319
37400
34954
32912
46415
35066
36022
35007
34903
32000
37172
40979
31089
19835504
42451
40333
35189
33017
41826
40830
37141
30975
36210
41195
39947
43523
38911
31376
40355
41238
43235
36239
36541
39404
40225
33218
38559
33230
43670
39516
43792
50263
38469
34310
33810
14462605
37170
38451
38252
35698
40761
38243
42093
40817
42958
39747
49297
40647
44135
43555
38072
39935
39938
38988
43607
38884
38168
41134
32191
44669
37517
40314
33995
39478
43428
39271
8674026
34530
36465
41085
33028
40102
41749
32943
3885646
38186
38985
38981
40153
38012
37603
49090
35421
31555
37037
42509
40093
36445
37921
44885
19836116
31935
32673
37261
33761
43664
4379817
31610
37461
39527
45821
41036
31217
41760
35359
37864
36694
38730
37886
36041
33994
33948
31002
34169
33498
41035
41353
45328
35875
38741
33686
41423
44497
42249
41090
41203
43126
35473
39873
43277
31000
35332
41266
40666
31322
42481
31913
30971
38769
40090
43694
30522395
31620
33761
37098
38142
40513
38337
31767
32407
32613
33600
37516
32813
44095
43087
32400
31011
42531
39842
32256
45683
42148
37047
38006
33339
39730
34767
39919
5740131
36670
35197
31430
38223
36773
40434
30522399
14462512
3885654
43794
5740389
33459
14462405
44885
41133
35309
36297
39825
37493
38588
40084
34356
246577
10178866
41987
41144
31356
37760
33319
317864
50296
35227
41069
261620
37853
10178781
7354432
34017
47757
37710
31293
12798305
318652
37024
34289
31646
32410
40430
41967
38675
34137
19836008
43118
35394
42557
34924
41665
44703
32798
43498
40183
5740840
35894
37567
43739
246567
35956
2768718
2768670
42139
31466
43737
38698
40908
41363
37820
50209
40961
39281
42742
5740348
31434
37682
34848
42801
41172
3771806
31942
35762
42762
41726
34634
42268
42074
38022
35881
36871
36508
32799
39033
33071
39768
34009
42064
41208
19834824
50172
33017
44936
32493
40617
59218
33015
261626
38470
43604
30973
38402
32437
3354919
318693
43576
39138
19834929
40815
7354403
43392
44669
34679
38332
19835655
32977
34969
42152
39833
39633
33971
33351
41635
41484
31966
41047
40638
36333
12798276
50169
43729
38643
261610
44271
36768
46415
43091
35287
34803
42110
32161
38047
41503
34313
39206
40436
326235
42851
36251
43124
33231
31065
32797
40936
31027
37855
43258
39761
43504
40319
34597
33622
35576
45845
36956
34403
38178
246518
34256
3355084
33128
7354472
42918
36614
3355129
45280
12798159
2768686
39666
41212
318210
38306
31412
43772
45883
32647
33010
3885575
34058
31517
35431
33418
36990
39805
260659
40152
8673965
33606
34521
34873
30522395
12798144
50395
32925
34286
34878
41057
38504
35997
3355158
39546
39422
35692
43506
40373
38244
34080
31169
35856
42755
41152
5740185
2768994
31130
31779
42513
39555
317935
326251
39575
35748
33995
59184
32862
41151
32116
12798408
38715
35035
246552
12798517
41883
38710
19834720
3772559
32694
43828
37767
36414
36075
38521
32256
31772
30522410
42638
43276
38575
10178844
33619
36485
37106
34087
40410
43445
31958
46080
19835366
3885650
34735
39876
39922
36803
34483
318166
42767
42795
43558
42920
36683
39564
43767
318064
40040
33881
39151
33942
41017
246600
38505
36311
41176
318260
41911
318981
39453
36301
41912
36396
36554
38133
33903
34655
39344
19835431
8674051
41162
38134
31486
53439
41944
34281
41529
5740338
34742
42813
326255
36073
42554
45908
32620
36091
34000
36190
14462810
37345
42371
43771
45382
40567
38093
40826
32421
33845
246653
32734
34140
19835635
8674050
31620
35398
252671
34316
40307
30522409
38769
49228
33509
33770
41279
32918
40778
33343
37191
34974
38456
37536
32619
7354424
33467
19835504
36028
3772427
42632
40384
38897
38844
40302
32624
39885
33755
40761
40280
40195
39602
43373
39377
246620
31721
44118
35814
31153
41396
32993
31489
37655
43730
50074
7354429
32722
326179
32468
43508
31086
32898
39569
34430
34251
38411
43695
49953
31111
34947
37877
32880
33136
38396
3354888
44496
31647
32891
39919
40398
40581
46456
42683
41413
37652
39028
26067077
37374
33540
42523
3354896
43487
39007
43924
35532
42734
2768965
31667
31230
3355130
246441
37199
36390
43099
37661
42162
41085
31507
42062
41538
43694
36797
31873
33952
44861
38360
40438
33452
38185
33823
19836082
38346
42208
33310
246416
39400
35583
33704
34716
40288
33910
246465
36676
37574
326173
39132
43177
37013
38084
33602
2768853
7354428
31802
37481
35758
32132
33607
32986
42206
42322
33600
53434
31729
34514
40643
50403
33137
41392
48971
31217
38727
35419
32665
43312
19836188
31168
2768688
38214
42621
31565
5740853
41867
35958
39608
47869
50044
40283
32591
32885
41284
53562
31611
34946
3772180
32318
41355
42596
33838
12798544
3772213
33826
26067062
32572
42242
38288
32448
39148
8674033
33485
32049
33727
37205
32011
43787
38062
4379817
35359
38502
246406
39410
32321
33066
32353
40427
39054
31519
36517
44355
40896
35368
40875
43434
41629
33807
37974
31021
48448
39587
40085
30976
36571
40143
39683
10178782
32723
39274
2768848
46038
40476
41104
40358
5740370
35546
19834948
39697
36727
31707
33125
33922
12797875
42348
12798252
36643
44505
33212
44128
39261
31737
39228
44643
32455
41592
32275
31244
39936
37132
40940
41825
38142
36663
31933
37999
10178809
32850
5740565
38869
40551
33108
31320
36095
35552
33466
2768680
37232
46069
38561
33932
5740235
246653
30522400
19835657
34753
261634
31555
37925
32401
41431
38668
34117
41646
40233
39835
36966
38590
43315
43586
318872
38468
42452
33495
32567
32063
32656
32771
43769
41294
43810
38347
32947
41305
34032
40928
14462701
32262
43936
37117
32836
32202
33676
36348
41182
35340
31251
39533
43923
40032
41616
42412
34264
37042
38212
40664
38993
43650
250811
32297
40793
35974
47457
40459
39332
42894
38773
35242
32627
19835727
37218
34496
35915
43152
317866
43721
34519
37355
38597
45374
33229
35768
36703
34920
39821
41718
37456
30522408
39682
26067059
40090
37978
49297
45775
32159
40314
39180
34985
10178840
3772542
35698
41134
42220
319011
33527
117294
317913
326259
38971
38438
32230
37167
31896
40608
41591
42443
43655
317885
41168
32352
43197
12797901
39693
38723
43391
35084
3772349
32882
35267
43809
37134
34719
40061
43636
4379850
42226
35540
37070
47220
43412
42577
32552
53569
43782
34553
35111
42676
39947
33953
32326
36104
41000
32751
46006
39082
35513
31293
33211
5740816
33172
39873
42836
326151
19836116
32337
34453
34921
31459
246583
33944
7354434
34557
35034
34003
36862
14462845
35343
36720
38109
43304
37889
39032
37643
38995
38485
43126
42958
40527
41265
53554
33824
3885607
35408
41046
31589
36935
44071
38534
43832
43670
318878
37602
35378
5740131
38629
46234
36046
42463
37200
42956
36127
326219
43974
42189
37131
36905
42269
41114
41414
10178885
32470
34192
36860
36630
42512
3355134
37892
39537
42656
318857
41080
30522401
39527
43240
32233
40371
42313
36384
40797
32972
36673
35076
35387
33409
41140
5740590
40912
36526
31874
318952
31650
33305
33906
32579
36253
19835051
19834823
32288
44679
38747
32796
43580
43469
48311
34826
35680
36332
40169
38808
40359
42357
34170
32222
32570
246648
40544
37254
36171
43184
39714
37601
8673979
33793
39735
36789
40201
41019
35955
38412
44205
42900
36706
37201
39875
41899
32674
38374
42325
40800
35832
39567
42567
41020
38196
32444
38665
35846
34320
40170
38695
42531
40666
38788
35929
44879
42034
35539
42095
39421
38399
12798317
41113
40517
318562
42130
37368
36740
41425
33005
43604
39926
31574
41062
36521
37230
32874
36217
36555
33846
32780
41094
317856
37329
32544
39565
19834907
44531
32009
38435
37517
36523
48785
31845
35434
34893
38591
34348
33982
39340
53432
41058
42057
42934
41731
39858
12798339
39557
35452
2768990
35417
40835
5740629
35936
37561
36239
50003
43467
31523
34079
2768916
34219
32813
37953
47729
318841
41138
34689
40653
42379
40088
32024
31767
41741
40769
246525
33923
39049
3355066
32478
37940
32953
37372
38956
32629
39062
32073
35072
37311
34658
45821
43453
40583
38315
37270
40164
43300
35021
41145
32738
37462
42248
31071
38740
31363
326261
318983
33139
35070
35282
3771905
37720
12798330
40616
33791
3885567
41936
38756
36295
42504
318246
35336
49895
3771856
32889
31311
43819
41109
38638
34012
36118
41809
43838
38624
38946
48971
41670
31948
43501
38070
33003
37516
249072
8674091
40335
42759
42930
40521
42747
38205
45894
36529
31915
53425
35950
43513
50147
35332
33532
33968
49165
40873
34648
35420
14462837
32688
36042
34268
39363
33712
36244
38752
3772566
40522
41217
34588
33429
35509
33613
3355145
34813
39486
32507
42515
36924
32719
41625
39540
32088
12798232
40676
41462
36019
31344
43788
37910
33156
35207
38382
45248
46386
43057
39217
40699
34665
43298
41852
40620
39198
40588
33571
5740544
39772
40998
3346235
32114
43901
44451
2769008
43735
37455
35007
5740297
33498
35138
33398
318595
3354965
36641
32135
40091
3771756
34953
47998
318824
43310
34189
42362
3355011
46015
43691
43087
39738
36306
43103
44437
34304
40482
36938
31670
44135
46662
31564
318040
42691
38375
31430
37057
33431
39956
38757
41661
43164
44058
34225
36329
41885
45234
36330
43640
32000
318206
30970
41273
33444
41055
33011
40529
43414
43435
33062
33521
3355109
43294
50061
35494
37914
33337
42606
8674098
31162
31843
38433
43723
64877
5740215
40345
3885569
31355
43804
36921
31943
3355132
44391
35473
33241
42846
31840
2768932
44059
33434
37983
33920
31364
31429
33855
36632
40864
42838
318698
31831
43824
41846
40546
34774
32261
35895
38714
43765
38338
35054
8674044
36054
39985
47091
3354921
35923
31056
317878
39122
42431
326113
35499
42519
35056
318608
38605
32994
34808
32095
34183
36403
34446
33505
246565
39029
326226
38879
33277
35709
32335
36662
36562
36086
34368
40139
31712
43167
40035
40514
39558
31224
3355111
41674
42696
43836
36304
34713
38002
35227
36886
33313
50417
32426
39018
32296
3772145
31638
42774
40976
31955
40990
31348
50301
326187
36773
44274
246562
42291
38430
44783
41341
317907
42069
40887
40391
35058
41602
33682
37524
45278
35078
36564
33075
36740
37981
34908
36072
32645
35309
32664
42005
44135
14462810
37994
37654
47249
38978
42216
34830
37328
33394
30522407
35295
38286
5740440
33338
40046
42258
43716
5740152
32130
43769
38012
33107
41085
40862
36905
5740325
31829
30522402
36145
33343
36128
326226
5740528
38338
43501
39165
30522397
40157
32024
38668
36283
32760
41140
33991
38007
40345
5740131
39319
43651
3771968
39842
32097
50296
43729
35936
32461
32909
42935
43867
44505
43795
32136
35902
39261
34950
4379885
8674091
36945
48971
19836220
41362
246653
12798317
2768718
33001
39459
42820
42646
32183
42920
32371
40785
44095
41114
26067072
41772
34041
31162
33498
50466
42752
44540
3346167
41919
31198
251645
5740215
317918
246406
43580
50424
39150
19834964
41151
31480
33734
43585
37131
33295
47082
3771749
33569
35513
42633
39355
32660
318215
35228
41551
39349
3772419
32080
36643
41390
40637
33810
7354376
40382
42984
38454
7354381
47594
35672
38145
31434
40766
46158
44148
36104
8674000
31980
41037
39939
33532
8674021
32616
39332
38199
32664
32106
41783
37888
38774
36348
12798172
38995
42544
8674100
36593
33851
31747
42338
44978
40476
8673956
36504
31795
34759
19835431
38321
326216
36061
35993
36475
39213
32493
31839
39775
39855
31037
42477
43028
31615
37220
37040
41602
35662
38624
33059
37770
47873
35344
41675
42272
34009
3771732
43583
44448
49070
37953
43809
35147
43838
40589
36329
41470
3772559
40164
43417
36075
41491
39956
50253
37157
34946
35126
35332
40353
4379867
39153
36028
40670
40664
43761
36073
3885610
40231
42311
47260
41266
31581
3772105
41420
40371
44885
31151
38477
41247
30522410
35779
36518
43195
45775
37233
40907
32132
38907
42665
35072
34327
35911
32849
31500
3772349
31121
33023
43213
41884
39537
45922
38590
47767
33000
46201
39894
32009
32252
39613
36436
34249
44058
14462486
3772015
31602
43570
32363
3885654
8674091
36025
41549
39441
30522400
33048
31090
32813
32278
40517
30522409
34096
37949
40436
42922
31513
38468
35796
32803
32619
37557
42918
43604
40661
8674055
32796
39594
31596
32468
33058
3355160
33125
31353
32312
37033
44531
43184
44275
43484
39016
31691
43023
3771960
43334
32119
35306
2768718
31071
39052
31574
32874
38900
33753
32777
43467
32387
38244
35197
33524
34982
40412
3346202
3772180
33510
41034
19836008
50296
43362
31344
32207
32353
3354919
43315
40211
30976
7354472
44540
38285
44839
36521
43222
42258
43392
42148
44889
34557
37892
31678
39764
3771806
34175
30522403
8674066
33473
36127
42940
26067072
43630
32406
36330
42481
41273
39198
41217
35631
45278
37483
40513
3772676
41625
35333
42226
33033
31070
42531
117365
38605
32142
42676
32768
39527
36032
3772691
33277
35956
37254
35352
31647
41801
32274
2768719
41238
33343
31111
40543
48571
31162
45467
33367
32083
45815
44910
35527
43186
3346167
40542
42890
42751
42770
37314
46234
38070
3355124
41462
31254
40035
3355132
45234
3355126
40620
36547
37100
35804
30522402
34272
14462810
42872
317866
36163
318040
41525
47408
42322
39666
36230
31747
31181
33477
40715
35732
37153
35621
43589
38355
46158
14462623
34510
326234
42885
32490
35357
38923
31816
32543
38331
41426
38971
43210
34094
31602
34751
39390
35132
4379912
36348
7354381
7354378
39337
33071
39757
41887
37684
7354376
8674092
32620
39966
30522405
42062
31181
40459
31434
37042
48481
8674068
35881
31443
45328
2768718
36986
37207
5740152
43493
39650
34856
318914
49953
7354471
36508
38221
35688
31230
36650
36182
35946
3354919
31994
31071
34569
33512
32806
38185
48785
42254
34995
41867
34141
36079
35123
318652
31056
37785
14462897
36880
42096
40810
31359
40130
37079
40567
32981
31671
30986
40649
41600
44783
44965
38396
31979
33653
41070
3772419
41207
40414
44002
32849
35911
38405
42438
33484
41611
33859
38384
38219
41894
35800
38373
38196
38059
40800
246567
36551
43724
39748
38173
41861
38243
33139
38580
32611
47767
36188
30522407
38624
35644
3772280
34894
36662
32148
40353
32401
36284
34438
37419
35813
39694
43624
41747
39089
43856
42854
39588
31646
47767
37233
43186
34642
41997
42298
36912
37994
8674037
35749
34001
32587
40522
39258
30522397
5740408
36619
41688
42376
37911
35425
38559
32725
33044
41287
42903
37888
40262
37562
5740565
34440
36577
31063
42271
36488
7354472
39284
39593
30522408
32269
43412
44135
49968
40781
38479
42258
41473
33103
30522403
5740338
37318
31816
33923
318776
39153
40165
34497
40476
41260
32752
41206
246435
34961
33782
10178939
31425
36411
34490
39682
36513
3771920
33552
43944
35051
32256
59172
42481
26067077
31217
35480
318079
38354
38730
39016
37862
39002
42437
32442
44266
31544
37554
31764
40955
35277
43563
40539
2768716
42387
36272
35609
38109
42567
44885
43660
33988
37047
40287
38347
49070
36045
36533
43875
326165
10178846
39217
32326
42089
31004
32977
42487
41066
31322
3354888
42608
41877
43057
35408
34175
33305
44027
37289
31746
32387
35076
41500
4379817
41726
47763
40061
2768877
44097
2768685
32353
37157
37230
34053
3355165
3355164
318243
64877
43126
40537
8673993
37517
32640
34813
41363
36706
31874
5740528
42952
3771960
3772196
34991
42820
31773
46015
32202
37715
4379844
44497
39943
43362
35796
7354423
50003
39158
33565
33744
31704
33881
40693
40620
38484
33028
39261
318890
34776
36171
40335
41666
41225
33473
19836250
326168
31607
41744
45248
36945
31248
31775
318841
32780
42930
30522396
39714
14462837
33140
38809
34142
43604
39054
3771756
41640
34299
50356
31224
31543
39394
37646
3771806
40513
31162
39835
50296
37379
43787
46386
34557
34738
40436
42413
47594
41911
43428
31000
42148
33819
32719
31145
326255
318608
38468
43213
40358
32613
35195
31955
40273
4379854
40411
43924
31661
31678
19835902
43315
31826
31970
41957
41852
39328
31843
43832
5740714
32256
33225
42269
34648
38346
35197
42616
43822
39985
41204
31278
31311
34450
37986
37407
35512
35979
35715
317987
37215
37716
34981
33203
31526
3772188
43791
37293
42265
43788
43093
45467
43241
2768916
3355011
32009
42291
50358
32979
50417
34713
3885565
44849
34826
3355124
33062
3355126
38017
38070
36773
37174
44786
30522409
39835
34566
32986
5740215
31933
33473
38469
41363
41944
32888
39789
40765
38168
33814
246438
42101
40762
30522404
38175
30522397
42449
5740544
41238
36771
50172
250811
34835
3771960
4379892
37647
37017
36908
32435
35070
44505
43253
32619
38890
36089
31071
40758
5740590
39262
41713
37037
38072
43209
42795
42160
37485
44750
35004
34719
43326
39167
42477
39385
37332
35896
34288
37879
43223
41085
43695
33498
19835383
31391
33413
31271
32314
36676
45840
41225
40721
33541
39025
36176
41962
35786
43796
40447
40414
39629
37548
43563
32245
45775
48317
32145
37510
33638
34519
39594
33078
45328
40771
40988
37889
38082
39525
33874
3354991
39564
248102
34425
36309
42638
37016
32746
39833
246650
33932
31980
31245
38178
5740334
39265
34024
31466
38590
39443
39231
33481
45556
318872
53448
31747
42242
7354434
34850
34924
37552
32754
3772101
34847
34991
41982
40912
31309
43444
30522400
8674066
32751
35616
34569
37011
35977
36790
31384
36104
40339
42258
33760
2768836
37468
14462810
31379
37119
32606
19835548
37027
35170
40967
37557
39137
39332
41954
38487
37888
32977
44013
43771
34629
34608
38142
31394
33222
41666
42034
39419
37403
45976
39683
42704
19834931
38484
43127
31487
35267
37556
42717
33681
43100
5740528
41302
38635
43265
42530
10178844
39241
42298
37546
36411
32698
38505
40283
2768719
43442
33108
38730
34192
41320
35170
39460
31177
34985
33276
44096
33007
36330
36471
42764
43758
3772109
31656
40064
32769
33840
30522408
32482
42709
43428
36147
31090
31660
35900
38961
39049
31317
45328
39054
35408
33819
31707
5740414
43087
33225
43387
44097
41957
33944
31612
40102
32428
37981
42817
45821
33676
39198
34169
41090
32290
5740152
35799
30522405
10178782
35997
3346150
36578
34688
37254
43300
42819
35662
33051
34030
40180
39662
42981
43015
39732
45931
41958
41625
35425
32233
35955
39421
36773
32613
31344
43501
41817
317867
59223
34885
33613
318841
48973
32939
36156
40835
38468
32771
43130
40702
39813
12798317
41423
41842
318574
41427
42971
10178943
36253
33780
43795
34920
39135
37979
39052
32994
40091
35756
39035
37627
40542
33313
38204
36787
38070
31818
38865
