40766
46187
31063
33681
39396
40897
2768990
35680
44259
40139
246627
317856
40283
42621
43624
34296
32723
43126
34738
33521
37152
36717
30522400
37485
41306
44027
33599
36523
32222
33481
38978
39281
3885654
31517
38084
37144
37386
35332
32318
31653
31565
32611
47285
33338
33802
246552
43651
19835504
41260
41225
8674050
5740348
36455
32582
35546
46155
39965
250811
19835787
41747
35121
33995
45234
34826
3885642
43392
41666
42871
35894
34679
42632
34007
35609
45880
38109
36725
42504
31037
39738
3885655
36104
37407
39028
43265
30973
32406
40778
43326
36689
3772506
33156
39258
33579
12798317
42298
44100
38382
3885567
32803
36880
44355
32746
40102
43791
40765
318652
34286
31544
32290
39478
39629
37200
19834824
31896
36054
32252
47220
48971
34774
31089
32095
37973
30970
31994
41817
40964
33922
35662
32999
33682
2768932
36471
43428
35832
33003
31826
31181
3885646
41273
19836188
34064
38405
43767
246650
41694
36061
41057
36304
38089
38068
34256
246521
3355132
326187
33295
45922
32836
246538
32132
31145
3346238
37345
41428
32725
37119
34345
35130
40664
261610
42249
37605
19835659
45683
34569
33613
39575
43824
39650
34348
41749
37852
50061
318651
32159
31153
50074
45556
40549
37993
39735
32874
31722
3355130
41252
39231
43655
37374
38116
45012
33619
37652
35745
41646
32261
31158
42295
31380
38017
31175
43772
39957
19836250
38844
31082
40546
40907
36188
32882
40060
31845
41425
31359
10178912
39138
42678
8674091
40310
49953
41168
31562
318693
40211
32977
36742
3354921
318776
35902
37983
34634
42646
326151
318562
38002
43152
44783
39681
30522410
38285
39132
42465
33846
38654
35434
34850
43691
32862
53554
42652
318886
40438
38971
33212
40521
46006
40231
38074
33819
44505
33807
36966
40296
37925
34170
34878
44275
32207
31646
31121
41150
43974
38694
33501
34310
3355129
43057
38246
33066
43583
38429
41423
47218
39029
39394
31280
35654
36348
41484
32924
41842
35056
43195
40342
43493
39158
32400
41162
59235
32543
31255
32813
39228
36632
32570
33048
42683
40544
38884
45894
43103
35430
38214
40305
39130
326251
38360
35357
32079
33305
36355
19834907
31611
3772188
4379817
39400
41635
31955
31760
7354376
37207
39557
3772180
10178866
43819
40851
38907
19835431
38009
31404
43220
37170
14462445
38715
35813
34137
38148
41846
39016
318914
31217
43735
38196
41549
38085
44920
36905
39284
35950
39035
31839
39956
40588
31526
318066
31803
38740
37820
33920
31660
42831
45973
39390
7354411
31966
39527
39145
8674026
326235
32426
45976
42854
39551
40785
32916
318983
36128
8674068
43502
37715
39613
31707
32888
3346235
32083
40979
41413
246465
37985
35768
34299
33058
42148
12798276
31111
39137
40762
37419
44096
45382
42596
35555
35097
42958
3355126
37230
31356
37108
26067077
318046
40427
36333
40913
40303
38981
42293
37013
33351
246518
318841
40040
5740338
36853
41111
35956
41768
43423
33883
41074
32275
34304
261620
44391
32135
41852
39633
36938
37682
34894
37057
36826
39062
35195
10178885
37100
34828
37974
34542
32925
44548
32428
246565
35277
33761
30522404
34981
38993
40273
39274
39810
43124
41062
42027
39018
32165
45784
41726
34189
3772419
32458
38638
38629
34161
14462405
45328
34896
42922
42820
41825
42801
33753
3346177
3354987
35314
35846
2768680
2768909
35259
43682
30976
36147
32145
318193
43576
36577
43670
40016
42836
38385
3355011
248102
53471
39150
53581
37561
31459
3885588
37113
40064
37037
41714
35975
32722
43469
31000
35569
37368
34742
34094
8674033
34924
49297
36619
32889
40781
38438
32136
32947
41688
43856
32116
43810
41600
34645
12798339
36720
35197
39302
34000
37481
34638
34790
42089
36293
50315
33452
35352
30522407
35875
32124
42341
39775
38890
37655
318608
36999
30982
31638
32148
32798
33498
40615
41238
14462837
42057
34969
44437
40302
43936
40384
38355
40649
32057
37372
7354409
34003
47091
53577
35343
37643
42507
31351
40090
33932
39232
36571
318824
38502
32507
39007
34548
39564
43391
43724
37139
41786
37132
32987
38652
43445
32073
37355
35911
318583
39588
43725
37493
36230
36239
34530
10178781
34368
36309
41741
43579
37153
34288
38430
35774
8673965
32080
41899
39593
34873
31799
33910
31507
7354428
41284
41094
3772427
39089
38808
42063
42074
33845
31913
33906
317866
2768853
43099
37770
41656
41289
41954
39935
34665
44540
31553
33527
32282
33022
40912
35295
19835590
32119
34616
31177
35576
39958
39015
42064
38665
35526
39328
43607
44672
42034
5740757
43765
36956
31678
43796
33026
37065
35221
32630
42755
31104
35552
35267
40616
43015
35007
30522402
38217
34803
40165
39662
117365
5740389
34557
46415
5740235
31363
43453
32049
40555
40637
31211
7354433
2768685
246553
36041
41809
39540
34438
39419
34132
42682
34982
19834948
31775
37328
47757
39516
246600
40527
38142
33049
41341
41164
31554
43923
31500
32734
39525
36656
40666
36335
30522401
35098
31254
4379885
38846
42463
49090
41900
42150
35692
36182
40514
33855
42889
37024
246620
31555
42934
32606
31802
37646
35442
42554
33310
32647
43487
34183
3771856
43654
38485
8674000
32470
32130
39338
40567
36871
42930
31589
40035
41869
41080
39385
34281
37205
42774
37684
32572
41069
33413
36028
40046
35425
40439
42397
40032
32751
42656
41176
39565
36990
31513
40793
32953
38007
5740472
3355111
40179
35431
37233
47082
50263
43504
326135
42638
36650
45821
40401
41182
31721
36118
39430
33704
38774
35596
33330
32517
19835548
43023
42242
8674037
37654
246438
35170
38402
35955
31661
31512
38205
46662
50209
39666
33510
2768994
37021
42272
41140
40670
31245
39265
43825
34732
36029
318916
31967
31842
36445
45775
317907
41894
35896
5740334
38865
3346225
34409
33214
34453
35242
42764
31945
37106
40699
44885
43508
42747
31244
40085
43334
59173
41160
317987
33260
38736
35004
31090
39319
31386
40123
33942
2768836
43240
32715
37669
33137
42220
39122
31915
37548
31708
34313
34087
32142
39032
38769
47729
41247
42567
35147
50417
36078
40661
42271
42813
31162
35532
36564
31086
40288
34320
40287
33343
19834759
41861
2768881
5740676
40352
246435
39460
46456
41610
32777
10178939
42608
34713
31767
34974
41675
36908
42751
43442
2768877
36706
38580
19835900
34169
41713
36698
33785
36551
246485
19836008
38134
3771756
31071
42885
42376
2768688
41665
37518
3771968
41631
35861
5740402
33319
43660
36284
41500
47457
40414
47249
39764
4379912
36224
36072
318595
43721
53448
31490
33823
40835
32796
12797875
38012
33473
37364
45374
43130
32544
41867
32768
32415
40081
42481
36129
35440
43769
38635
34689
34333
40830
38477
37557
261634
41674
36518
38772
14462605
41704
40339
38204
37554
31376
39349
14462623
3772691
33225
36703
39332
33203
42752
34446
2768690
31364
32980
30522395
40643
34450
32269
40157
43804
48581
45268
7354378
31960
38296
36311
5740766
34249
7354429
34759
32352
32885
35764
40522
38911
42560
42382
32225
32613
39387
36295
37760
33059
37710
3885598
42900
318878
319011
36332
32114
38752
43197
31647
35698
39587
37647
37523
40080
260659
318206
31332
41962
326179
35189
43028
37836
41070
31671
42452
43723
36075
53562
32042
37131
33953
36968
36282
41090
32245
3771806
3772566
36145
40988
41020
34646
36048
31353
41912
39789
31738
31169
36589
32387
37614
42477
35527
35452
34885
38419
30986
42891
39876
35309
32698
39043
326259
40353
37940
34751
14462897
117464
32335
40092
38730
3885610
37289
7354434
32327
37982
43558
317864
33744
36519
3771749
31921
39761
43091
42530
40652
40055
38685
31187
42348
44531
317935
3885569
37220
33931
19835383
33622
41138
41302
35398
35042
34012
41279
37483
41265
40333
33760
32532
37293
36740
38175
31650
19835655
38373
42387
37053
37888
38173
36663
33418
38145
38337
3355124
32321
34953
12798151
42733
34761
48785
44679
39151
42110
37410
42985
37221
41145
33606
44849
44129
33838
7354471
34920
39167
43209
34420
19836213
33078
41000
36773
48317
42981
38479
318246
41987
40513
31486
36025
32688
31443
45278
44271
42817
37921
32627
33241
42835
32765
35923
38186
33923
35180
43867
45840
31215
31615
40866
34141
53434
43700
32017
42137
38505
3772213
36504
42350
37172
41294
31237
41848
38749
47764
35895
40430
37516
36651
326226
34282
33081
32552
36883
12798517
43806
44095
34767
34147
38470
33965
42095
33133
246386
38433
246577
34356
43414
31497
41172
32603
36251
43149
36911
31712
31602
39757
44013
37889
44750
31574
246653
2768725
42509
31382
43484
37786
43630
39533
5740408
41266
39835
32320
39966
32780
50172
41625
4379867
37879
38923
31168
32297
34566
40936
33396
35941
42162
42770
37314
36163
318215
37949
42379
40887
37767
31772
40235
35211
38374
3772082
39025
3355066
4379842
32579
37877
38994
38912
5740599
31610
38675
40800
34024
40195
19835902
5740714
39772
41893
37574
42742
38561
40411
39683
37098
35078
35132
33484
31271
43782
32002
44631
41640
317878
33638
12798144
40307
34787
38468
34539
33972
33903
31848
26067072
40934
33515
41997
34514
39261
32455
30522397
42797
37853
31317
32063
36032
12798172
35898
39271
41967
31194
40826
19835727
35157
34835
42322
36191
43535
32771
317834
40761
14462701
41206
34058
40583
43924
33197
39922
31248
35814
26067062
39165
41718
44135
44632
3885650
34776
40620
32303
30975
40373
33602
31781
36935
42357
42626
31628
32880
3772145
39716
246583
59218
40205
5740130
32401
36768
31670
40233
42254
32918
39363
7354403
30522408
33139
35997
41187
40961
41538
32262
38315
39855
19835131
39255
32738
35084
43298
44002
36297
37510
31958
34300
40693
35616
318682
33313
36465
39899
37191
38454
5740840
34809
34648
33107
38643
39602
45329
31056
32529
42519
42903
42973
41550
34112
42451
36433
35228
40998
33248
35473
3772105
39768
42265
41670
33339
39013
34753
49165
40476
42964
38469
33898
38006
33103
36475
39594
317976
38591
50149
37556
38212
37462
31004
36921
39748
33565
36995
32229
44010
44254
46069
33806
326165
2768719
246566
33826
40130
44054
41591
32468
38695
38077
34718
37340
14462810
5740370
318260
43052
3772322
34225
38244
19836030
39305
39377
42894
2768916
37986
31130
318037
39031
40371
37332
53432
49802
30522403
38664
3885575
39821
12798330
8674018
32005
42248
36022
33492
3346150
44786
33824
3355165
59233
34813
38072
2768720
33477
40908
41462
39033
10178861
45467
33840
34947
35922
326173
33235
34148
37910
43836
33367
33434
32979
36881
41305
39919
31002
33982
59184
44910
38169
39479
37455
35123
39329
37174
40459
38648
41731
35375
19834929
40647
38375
34497
31902
34719
37978
44128
34277
43184
38022
38168
31667
318578
7354423
32338
19836116
37785
43277
42101
32478
46386
8674098
35756
318698
34510
36510
37270
38521
47767
48782
34655
35936
41772
117294
38456
31429
42362
41931
36912
32660
39936
44936
31970
33524
50236
39750
326145
34217
37215
32407
32296
42845
33994
44148
19834823
38757
40183
37070
318857
32567
39939
50395
39682
46015
41427
31293
44791
31525
37787
40143
32656
3355145
35597
35340
38252
42092
34597
19834833
34496
318951
47408
33136
43822
37329
31620
249072
38534
36330
3772101
39558
32826
37007
32166
35076
44118
34658
19835051
40144
33948
31581
12798252
35333
38898
35672
19834931
38897
34908
42325
8673993
19836139
5740152
40358
38756
318952
37155
317913
31991
31764
41353
43319
32474
3772405
37864
38961
59223
33607
34750
47869
36414
35387
40543
40873
33017
33791
35977
32461
40355
43532
41113
41420
43944
53425
38727
12798232
32673
35287
33033
31251
43444
37524
37602
36244
44839
246454
40560
31639
49968
31607
318079
43435
34327
34117
8674051
36803
41144
35126
43875
40599
50358
33991
42819
42487
36184
33231
19836220
39567
42971
32009
10178846
5740414
36135
37027
35512
40319
35107
48311
40153
34636
40955
33046
31857
31538
2768718
43417
36425
32337
31795
32648
41426
36336
41037
3771890
34192
34802
35771
40551
41417
32898
35111
39367
43728
41363
37914
39513
36272
44059
42216
35499
37201
32986
40817
45908
50403
37047
3885607
49809
39730
42413
38384
318210
50356
38490
3771920
36764
33015
36896
33229
39421
40335
35993
31290
50253
43467
43604
34848
37603
42443
41109
47873
41085
42880
31342
35537
33956
41936
31487
3772658
43001
326130
39174
41055
41116
39569
43792
43387
32587
42838
35494
7354381
42338
32591
39049
32682
38338
34863
32000
36614
31656
36526
37403
31185
12797895
35856
39148
43087
43787
33782
32993
34440
34997
33770
40815
3772676
43433
31943
39241
36593
38321
8674100
5740147
31309
3354991
41362
35835
43466
41944
42935
37379
3355134
37953
38193
42158
37627
36790
35540
43501
40170
38354
33541
36555
42130
39435
38435
47594
38484
3355084
36533
34316
12798159
34872
39926
38710
39873
40517
39885
33874
39397
33742
39779
41203
44669
43029
35688
40676
40093
31110
34543
34403
42374
34921
43222
32943
8674044
41396
36384
32664
39537
40617
36541
42160
36597
8673956
246520
44965
36662
42606
318574
37056
42952
33951
32786
38047
40976
33398
326219
43739
39422
33653
43841
36306
41059
33218
35513
32437
246509
43771
33532
30522409
35087
42437
35919
41551
32371
42956
32629
44448
37468
317867
36787
32694
32435
49228
38434
36886
42872
42577
32950
31598
43186
41058
246562
38059
44451
36749
40385
32850
33466
42512
34096
37500
39340
33513
46201
33952
32645
36529
8674084
41034
34608
33727
43586
33429
36217
38538
43716
42431
37400
36511
41883
34079
43563
34272
64877
31322
50109
35758
32719
43981
40833
39813
59145
44522
40967
34642
32557
39434
42515
40019
43118
37254
33459
36086
8674021
33859
30522405
36079
42139
42696
32312
40682
5740224
38331
41560
4379908
32972
40529
36771
47260
50296
36967
44643
36797
36299
31702
41744
5740497
40863
40940
32799
31933
32097
40447
34490
43304
34583
39962
318016
14462845
318040
3772015
41195
31278
3346149
42978
35035
34903
39178
35799
43312
35404
3355158
35344
41170
37156
26067059
2768686
40280
41066
30522399
35034
33239
43379
32674
32769
43093
36746
44703
37089
35881
34175
33495
3355164
39135
39017
42633
43164
10178943
32981
32127
43300
35037
41036
31564
37562
39894
32416
35124
45931
39904
318140
40410
42062
10178809
318872
40169
39198
31543
38070
33734
31379
37979
40152
36396
40164
38809
43523
45883
40638
40225
32314
41151
39751
19834964
32891
38869
36403
34001
50466
38082
49893
43833
5740590
37772
31434
42531
38714
42762
3355109
31818
43664
34251
43278
36865
38487
46038
38223
37017
33005
41470
32233
32444
37567
43258
38357
31060
35306
33752
34812
30522396
31430
34250
32448
40345
35796
32585
39694
43221
50003
43167
41783
36554
53569
41737
34830
39608
34219
33337
32860
40436
32747
37311
35021
36253
4379844
43737
44879
39652
39082
48481
33836
35987
318981
41911
32752
39741
4379892
36042
246441
34985
41414
31691
38396
246666
41217
40398
33062
34995
40117
34629
37079
44274
33000
33755
35227
32011
36043
39078
32939
36673
30981
32230
37318
53439
31412
36683
40865
35421
41134
40754
326113
42189
59172
42890
38823
37298
45280
41287
50068
40262
31597
41529
36363
38346
42918
37456
37496
3772196
36616
37571
34053
37011
35669
40848
38747
39103
41072
40990
34142
19835394
43650
33467
38603
40009
252671
36307
32394
33222
3771905
31065
34582
3346167
42055
38698
42093
41788
33125
2768914
53443
34483
31519
45845
34961
44307
42691
38956
38185
32052
35051
33075
39160
43182
14462486
49895
40088
32729
40503
31905
33968
38879
37443
39459
32363
42906
41491
37317
33140
31935
36431
317885
40702
32267
31224
3354896
12798544
3885565
4379850
31843
326246
33793
43210
35282
38766
38096
35693
44855
36390
43253
32994
35480
32624
38243
38985
40867
33569
31747
34264
38900
31942
31873
33509
40810
31235
31105
49241
32202
47998
33183
19835635
36876
36547
26067063
36460
39002
35634
35958
38559
32774
40537
48448
31464
50073
44496
37892
36562
33394
33971
35631
36676
37198
40350
41035
37247
43294
31480
39842
35054
36521
32410
41887
35588
33001
44978
40715
19834720
40640
5740544
33230
42258
33010
38332
41602
35800
37301
40978
34073
38178
2768665
34242
39732
34954
59144
5740629
38219
3772109
35408
35268
31348
38347
40771
37218
35138
40471
38352
40370
38104
35715
5740131
33462
38411
40180
33600
14462476
42096
38093
41957
3346160
33957
3354888
43695
41390
36273
35359
32493
36210
42460
32216
42371
3772559
36091
318092
34430
246648
41207
37911
37117
14462512
32211
43127
40675
43736
36424
39404
43235
36517
32258
12798305
41046
42438
40721
43795
36019
36436
36411
31466
44126
36301
10178840
42363
40245
36670
34469
318137
43832
37157
42313
42940
36488
36937
39947
38399
36171
39522
3354919
246525
33431
36789
31253
43862
34890
40653
45248
37232
326216
33851
32640
37517
42428
40714
33640
39069
31320
36668
35644
32278
318953
39262
36271
41525
32161
42269
31384
41790
35709
35974
246595
43901
36924
32797
43223
32616
40084
43213
35539
32256
37981
36176
40685
41133
35770
33944
37143
32088
34180
46158
41629
31704
41320
42291
42846
32902
38946
50169
34881
39052
34808
34716
31157
34030
35578
3355072
37862
41047
32909
12797901
39875
36630
32326
38970
31547
36095
32849
38221
50300
40224
43838
32288
43729
46234
31391
40862
50379
5740528
38286
37336
31521
34140
39213
38451
44071
31816
41311
8674066
36438
42676
38412
31336
38504
40679
5740816
34268
43183
38588
30971
4379854
33712
34165
34289
35946
33917
39355
32329
39453
37886
32864
40029
117419
39833
41376
40539
36508
5740853
42208
35072
37016
45815
43783
40391
8674092
41017
38062
38624
40896
41342
246416
34425
40542
33772
36156
33988
33276
31230
35748
39153
34847
40758
38306
44205
45668
33007
42279
37919
35368
41511
318243
35929
53436
37546
42449
33881
36694
36578
42557
39337
38873
3354965
35702
35779
34041
64880
44233
326261
42717
36580
39555
43513
43758
42523
10178782
33211
246567
31729
41982
48337
36992
33044
41919
33604
43412
7354410
33172
39441
39010
36860
32787
41118
36945
42986
32442
39943
43555
318064
32482
41473
43177
34521
39443
36190
39714
3346202
33023
43694
35762
10178844
41300
39344
31344
31979
37702
36045
41431
32418
42206
8673979
32348
42665
40091
5740440
53542
34856
43506
39747
39693
33544
36569
35683
36513
32183
40314
41152
36643
38597
35420
38518
38668
43788
19835366
33505
32490
43730
38199
317918
32806
32353
38741
34946
8674114
31918
37661
37857
37994
36770
36485
40875
32536
31840
37536
35378
31746
34680
43580
34560
37042
39546
31394
43315
37716
34553
33444
326234
44889
43434
41877
32340
36862
2769008
36283
33552
32619
34950
31021
39180
35837
39805
34588
7354424
37948
3885583
35979
47877
37999
40359
33814
43498
48571
59241
19836082
40864
43636
37601
42544
2768929
43794
42920
37855
40608
33686
5740668
7354432
31489
33185
39214
251645
43589
37041
50044
38995
33128
35509
32024
42734
42226
37749
326206
31737
50424
38812
39217
37167
35070
53444
38605
35058
53431
35583
318166
43174
31773
35786
43585
5740325
42152
47763
37141
40201
5740297
41616
35749
49580
43928
40412
39389
41592
34009
46017
39481
32754
35207
2768716
43373
43276
38575
42984
31980
41885
39720
43640
34519
37038
50147
38590
43241
41104
38988
42311
36089
33780
42483
39825
34017
39410
34893
31151
38288
43100
318222
2768965
34669
33540
3772280
35417
42513
43647
37720
43570
40797
44058
36727
5740565
35732
40448
3771960
41958
31948
48973
33071
326168
40842
31831
45816
42709
33403
43828
39938
44861
41204
2768848
32574
33011
31198
43362
41114
35788
326255
3771965
33108
43388
41355
41743
39091
3355160
41019
246412
42704
39858
31355
43645
44266
40769
32912
35804
33028
34211
34080
32106
36986
31874
42005
42767
35066
32274
31011
32641
31887
41760
41503
34882
31596
38696
43809
49070
41638
35621
31425
44856
33485
5740215
31688
36636
3772349
34688
32760
33409
37461
246406
41316
40061
5740185
37729
45588
31779
32421
41212
42795
50301
42759
32620
40589
37261
44097
42412
40468
40434
35336
40450
3771732
33512
37033
42737
40581
33263
39985
38773
31027
35900
41611
261626
43774
31372
33571
39697
40074
42616
32191
34673
38491
41392
31829
40482
38723
33810
39206
42069
33520
41661
43310
42851
2768670
43761
41801
3772542
8674055
318890
37552
318221
39486
31070
38064
36641
31266
46080
37040
38133
37134
35394
40453
32026
32665
34114
43146
38073
35002
31523
38788
44497
42268
41884
35915
35419
59176
12798408
40928
36073
59150
33051
34735
36329
7354472
326172
31612
34991
40382
31311
40515
36046
37511
39054
37199
41208
39509
33277
34032
33676
19835657
36127
41826
