42795
37161
41817
33396
42245
35901
33028
35768
32619
38484
42691
41203
14462486
32033
30522407
40287
33062
317926
42249
31646
35911
33007
39972
42646
3346162
43159
33793
35035
50282
35922
33685
43362
41770
43729
36533
2768945
33561
35332
39435
31586
317823
32353
41873
45840
40833
35977
36411
45976
41206
32849
318601
39441
32873
33051
246627
36128
34889
32042
41625
35930
5740131
36747
42820
34282
43812
31702
31743
50296
36634
31044
246551
36614
33401
43096
33803
31050
38363
37007
41825
36694
37652
37047
40088
34681
318164
33114
39505
34231
38259
34112
31802
40339
35124
42944
43213
41726
36615
35118
34116
37876
246465
42295
37909
326183
2768836
34568
41426
261634
31090
39555
38288
40848
32986
36279
36028
43440
35090
37751
41195
35111
42325
34483
36421
45775
43611
34961
53557
32780
3346209
41363
31204
41390
33607
32097
326151
53437
42162
40826
31955
37614
43767
42148
32817
39111
30998
34991
32442
2768718
37981
43676
43707
42747
47220
37583
42444
38065
35126
32400
37949
39984
34453
32407
32757
30522395
44484
5740840
38468
38485
37427
40196
4379844
40575
31665
42443
5740629
42752
42051
8673956
44679
31017
40679
326184
34058
34001
318872
36171
38243
45234
41797
35340
43319
41771
43453
47080
36668
32579
43000
37379
35564
38730
39440
326226
250736
35425
41247
38985
39919
35702
48971
43924
34738
40345
32233
38771
36045
44448
34087
36529
32725
42477
41962
37254
41134
42475
31948
39537
34592
34921
35083
43271
33432
42652
33005
42455
45248
37546
39780
39730
32290
32909
42150
39198
42350
32165
44785
43087
44843
34569
42416
32468
32591
326165
31430
41017
5740612
36773
33599
42920
53563
42206
34003
36673
40495
37516
34826
40513
32674
44128
35334
41899
38376
34557
40436
30522397
38438
3885583
38714
35336
35037
32406
42704
49070
47998
36883
43824
7354434
31826
44540
35085
43660
33198
48571
32574
33619
40256
39818
42478
41772
35974
38869
41217
34573
32343
19836240
37720
34038
2768716
31130
31163
246439
3771905
34734
40310
31887
35170
40348
39241
19835476
37446
34132
38063
36241
38842
31840
317907
33705
2768914
31712
34549
326187
36586
12798334
49802
32194
30981
31600
36399
41931
33836
41631
37936
4379860
32813
39794
33170
37027
34176
40556
40690
31160
35795
38766
40228
40672
40104
39648
34975
40423
32249
35180
35804
35781
36914
39008
38624
41768
31598
32604
35573
35287
36078
42030
10178846
42213
38645
31235
31062
37769
33810
37676
32252
34262
37177
42066
42523
35888
32674
38859
40652
39987
8673977
318935
39173
10178939
44885
41803
32394
43026
34560
43600
41981
5740676
33439
43535
45031
34180
47877
33512
39460
34991
36194
35130
39824
48311
246644
32461
326139
5740497
38375
43787
326172
44010
40501
38356
32489
37883
34452
8674114
41242
35042
7354380
32120
33840
40766
40288
317887
31803
30522409
35509
43761
32547
39419
40549
36580
31490
47457
38995
31358
44448
37294
37702
36911
43604
318035
44855
44669
31681
40793
42076
44307
30522407
7354472
317891
31581
3354919
38694
43565
36937
3771960
5740766
31980
43412
32315
33196
19834824
39751
38065
41140
3771946
32619
32418
47729
5740152
36043
35405
31271
31702
41722
41069
32898
49779
36129
32994
40453
41666
35408
3354995
40384
32256
34320
33022
38736
33343
38169
38890
34984
39147
42554
39293
35669
35904
39965
37892
39500
40224
318791
39522
40073
43414
34910
33305
30522408
250811
35891
38654
31002
42049
38070
43508
40835
35958
32165
50296
19834937
39943
38420
43501
42171
35742
30522400
43399
39947
34260
43867
33861
318655
31537
3354965
251900
34732
34582
36694
40665
318623
36630
32976
39835
64872
42258
31905
3355129
35309
39860
59223
35007
43730
36578
43782
3885573
318662
317878
3885654
44653
34496
41363
7354428
3885567
31646
41034
34799
42795
33125
44936
43154
43197
42930
41252
43182
45880
45845
33690
43029
59218
35447
42476
3772349
40945
42289
31574
38285
38978
246653
34192
43729
35004
31843
31434
40035
50356
35974
40676
318140
35555
43373
42652
34734
32009
40102
14462837
36719
36104
31220
5740252
32574
43162
44110
35540
36374
40905
43819
36025
44631
32125
31459
35449
35473
43186
37729
40001
42738
43244
33451
39871
42519
38433
44039
39956
44870
36271
44013
45234
35715
41217
39985
44250
35480
40443
41733
50055
41055
34527
5740664
43001
33802
31070
326206
40514
37408
40647
64877
33144
3885565
40515
36304
43794
43769
42846
49297
34767
3772145
