5740152
40848
35509
32233
38376
49070
47998
5740766
41203
39730
33062
31702
42245
39965
246551
41817
12798334
41803
33051
30522407
39440
42213
36028
35974
45031
41426
31002
43660
37751
32252
41981
50356
41247
2768914
40647
36673
32249
34732
45880
35336
31130
8674114
34569
39147
42206
34975
42846
3772349
35118
3772145
36421
37981
38771
33439
36630
37379
34527
40501
31887
34984
35768
43414
36129
42646
40339
34799
34320
37652
41055
40224
326184
43565
32406
45845
50282
41206
31163
33810
42795
40793
43794
48311
3771905
31090
3346209
36694
31826
30981
42944
40945
43399
31665
32547
33007
31459
32394
43508
49779
246653
30522409
36045
37720
40690
32604
38288
33343
44540
318035
44679
37007
41771
36104
33144
34921
38420
50296
246439
43154
37949
43535
37729
40348
32353
39860
35480
47080
34734
35405
41722
35007
34573
34262
31598
36529
37614
34738
36634
41770
41140
43707
43782
43213
40073
39460
317878
53557
36241
42148
33170
31743
39522
32780
36719
34260
48971
40423
36194
35124
35795
39505
36399
32009
43319
43611
32574
41242
31044
33196
14462837
31843
45840
33028
42652
41390
42030
42691
43924
50055
40443
36078
43729
33803
251900
40826
30522395
42295
35111
36128
43026
42162
33607
44039
37909
35340
39972
35922
3355129
31948
41797
40835
34116
34568
36025
34549
38468
318140
35425
31712
41931
32407
318872
33599
7354472
42738
19836240
42519
41962
246465
33619
31490
42049
32725
40001
32461
39987
326165
4379844
40256
38842
43761
38985
40513
30522400
32489
31271
30998
35977
41195
317891
41726
39956
44785
31062
43769
32909
35781
39985
40384
35555
34910
39818
42920
317926
39111
3885565
33685
37408
3354919
37254
33512
34826
39537
31358
32418
246627
39984
38063
41034
35804
36914
39500
35083
37876
44855
42704
3346162
32898
37546
3354965
31646
59218
38890
41733
39835
35334
31070
31600
40495
43440
41768
38694
35669
35287
35170
36374
2768716
37516
32619
35930
40514
43362
37583
261634
37936
44110
318662
39648
34592
47457
36580
32849
43824
40288
33022
36614
3885583
3771946
36271
38995
3885654
39751
326187
40672
31434
33793
36883
2768945
44669
32125
34453
38363
44631
39824
326139
32315
35035
33125
35085
40287
64872
40833
34003
2768836
318623
38730
35888
44885
33451
7354380
38070
40088
32468
35130
44936
38438
33005
39947
45976
38654
39943
42150
35742
32256
31803
40665
41625
39435
32757
43787
34582
246644
2768718
34176
35904
34038
32042
31017
37427
48571
43001
38978
39419
36911
35891
44448
35004
31430
31980
35037
37883
43244
36578
43029
41252
31537
43087
35180
34961
42476
34192
36411
32343
35540
42416
37161
42076
32994
37769
35473
31586
35702
32674
34557
38375
39871
40549
8673956
10178846
38766
42066
41017
41825
41899
43867
30522408
43159
44484
4379860
44013
32976
43730
64877
317907
43604
38259
34231
250736
44653
36615
43162
37294
36773
35408
42930
32813
43453
45248
35126
7354434
42350
5740664
40104
34087
19834937
49297
35564
40575
35042
34496
39173
42747
35447
31840
47729
39555
44128
35911
39293
39919
35958
35449
35090
40652
34282
38736
35715
34767
42455
31050
5740629
34483
42051
32400
317823
33432
10178939
19834824
42258
41666
42820
49802
47877
3885573
32591
326151
32579
41134
38624
41873
326183
8673977
35332
40310
42444
5740676
38859
41363
38243
42249
44307
42554
34058
37892
34889
39780
32817
38285
31574
53563
33840
31955
318601
5740252
44870
32290
37027
34681
45775
34001
37177
19835476
326226
34180
40436
36668
33690
32873
39441
37446
36533
31220
35573
33396
43373
53437
40196
43767
38485
37676
42477
38714
36586
40515
32033
36747
3354995
41217
40453
14462486
43676
33561
33861
38356
3771960
32986
43812
40766
43412
33401
32442
47220
38869
31802
31905
38645
33198
38484
43501
32194
326172
33305
3885567
34132
40102
35309
38433
33802
40905
31681
5740840
35901
43182
39794
32097
36937
38065
42171
34452
59223
40676
42478
39241
42523
43096
42325
42475
30522397
41631
36171
42443
38169
34112
37047
31581
318164
43271
5740131
31160
40345
34991
43197
33705
42289
40035
43186
45234
39198
5740497
32165
33114
40679
33836
36304
34560
39008
7354428
31204
43000
40228
318935
318791
250811
41772
31235
42752
44010
43600
43819
37702
317887
44843
41069
5740612
318655
44250
32120
40556
36279
36043
326206
