38214
42269
43765
31737
32119
246602
42291
41625
37652
35007
3346235
36675
42556
35282
37775
36253
41899
43782
36703
43487
38561
34608
39883
246583
46080
4379892
43781
45280
40765
50068
44259
43235
46069
32715
39148
37017
36992
38611
246567
32116
33602
40532
32009
33544
36564
37949
37953
34688
31772
37374
36019
34924
43936
38715
36396
32703
7354424
35583
40721
33727
3885599
7354423
41204
43682
41080
44058
33638
42530
50147
34030
34542
317864
36332
39922
37185
35242
33319
36990
43315
40948
32468
39633
42621
32063
35846
39772
37879
37853
36889
38301
39486
41256
318210
3355132
40551
3772542
41140
36425
38375
40391
10178782
37455
43691
33739
31185
40700
34847
32947
43650
318260
30979
32024
32837
44978
31779
32314
43804
49228
41058
32973
37317
42656
46006
35955
43099
33431
36826
3772203
37602
36118
43391
43070
35084
39054
32891
39082
42642
19835476
43723
31348
31542
36668
37456
40640
42431
39392
246620
36433
32261
39258
3771806
19835010
42554
35044
40436
39313
34032
3771905
41363
40205
8674044
38382
3771960
3771809
41825
32428
38469
38597
31523
42226
42734
37174
41635
34483
35692
3771756
32751
45845
41944
42062
41069
37199
32288
35058
32885
39958
37855
19835383
33793
317900
35549
41047
37978
3354896
33481
33613
36330
39682
19835548
34012
37403
8674055
43124
33571
45931
32544
41737
317856
38675
42801
33942
36641
38435
33398
39035
12798317
36662
246505
19836188
31002
38756
246587
34588
42509
39238
34597
53439
40976
38869
42079
38946
35786
35756
36645
33276
318698
37760
47091
35895
45883
43078
38714
37037
42325
43434
318562
44097
35975
36297
34742
318082
2768916
33136
31997
43769
41503
49895
40325
43810
41425
36329
5740152
33128
37076
42973
35768
36862
40546
59184
41151
34873
32694
38971
43343
35037
5740565
30522405
43506
37567
41869
42813
34767
40527
49953
34560
5740310
47757
35207
34947
43828
36239
32603
39052
37661
41279
38769
319011
40521
246525
38844
35072
41616
39768
42362
37027
19834948
3772013
37372
39675
42934
37720
42670
38698
36789
43091
40896
31564
42759
38788
39735
35813
38087
31245
41982
38204
41538
37710
31873
36871
37218
42158
43444
35536
34566
36127
32132
42032
318952
33459
31602
326261
34673
32127
42920
42523
42747
39957
32624
39821
36643
35004
33310
41046
30522408
36250
32780
35799
318682
39400
44750
41550
40758
39688
34114
3772427
45248
318020
318164
31434
46386
39525
34348
5740599
43392
40653
32972
44703
39594
44115
34642
35473
34408
42258
41238
37910
30522399
32738
42751
39481
3354921
45012
44205
40929
32242
34985
40761
19834823
39555
41207
36240
33248
2768680
19835655
42560
43923
32275
33965
19835657
42463
318946
36517
32318
33903
318953
32353
37205
39947
32882
36224
12798408
40864
36773
34735
38022
35021
34024
42608
46187
40912
37247
31459
39810
31408
40453
2768719
42322
36740
37959
31980
12798305
44879
40195
261626
38534
37329
43636
41062
38145
3772559
34648
33429
33923
33140
39557
42956
38624
35420
41144
35253
34403
31831
32939
39855
41731
43467
3772101
34996
37485
37561
3354919
36562
39385
34569
39332
31464
36499
34446
41396
32688
38505
40544
40183
42483
33780
42636
40482
39985
42348
35034
39268
8674033
38605
41646
40345
35078
31746
32888
40800
36853
33492
326251
36129
41591
39774
35922
317913
41182
34679
34256
33156
37655
31565
33924
31966
36717
53562
246552
37551
42444
38067
34850
3772265
36104
5740811
37042
33640
34080
33796
36578
43558
42836
44643
40448
43694
43294
40643
39338
37556
34496
31429
40830
39926
3885607
32704
38093
41744
31650
42513
33017
31322
49168
8674091
42206
44437
40430
3885565
35540
32860
41104
38406
40928
43695
43787
31336
35111
41109
41776
246518
40873
40174
5740235
42882
41911
41602
38129
40314
35056
42451
37232
8674066
37548
5740474
38407
37129
36304
38315
41809
33305
246650
3772083
31065
33606
36301
41457
42930
19834814
37200
36603
43832
43767
42638
32799
30522395
30522410
34645
33118
36583
33952
41867
33066
40169
44786
3354965
38515
39122
7354428
35594
19834720
33211
43838
2768965
35419
40040
44355
41458
35532
3355123
36363
43513
37914
43469
33845
318608
35170
40608
42055
39540
3772405
38429
40529
34264
32862
39564
34368
34356
19834931
41414
38009
31573
2768853
47457
4379867
38824
261620
41661
32935
39043
2768981
34316
36176
5740590
38347
40091
34211
33139
33967
35267
40789
33062
42890
326173
39281
37481
31490
5740348
32585
35552
36768
34304
40543
3346224
35843
40351
36521
42160
39265
47220
7354471
39419
40032
39387
42435
32753
34997
33078
35929
248102
45374
39340
32629
35417
5740370
38665
36028
250811
49297
35076
36348
39575
261634
37578
36698
34813
39919
36109
42767
318224
40064
40385
40664
43721
3772271
10178809
33010
31840
42101
38217
34281
34484
38591
32656
117294
39197
31251
318595
31949
3772496
36956
33108
37363
37301
39825
318890
38142
33229
47998
31158
33910
44274
53432
42460
34826
35221
32448
42519
43080
33600
32786
43640
246438
40961
35066
31363
42189
49070
3772094
41666
33807
35309
35698
39165
42889
34920
41034
32114
7354432
39567
38897
35923
39662
33676
40427
39738
37410
43177
12798232
30522396
32049
34541
39435
326219
38487
41883
42831
42797
42606
33343
33932
34848
41803
41341
38747
33982
36045
38470
30522400
41138
41355
31320
36306
32918
41346
39228
40652
35336
44071
40090
42057
32421
43809
34753
46813
35762
46456
41465
33505
326255
33498
37546
46038
40104
31802
32315
40359
40085
33527
12798144
318872
37925
33473
40414
30976
40998
33540
3771957
43670
42064
43901
32722
39261
33521
31195
36654
32470
36095
31562
39565
38306
31386
12798330
42504
33704
39241
37191
43414
36156
41413
33071
36092
36163
33241
38993
36797
36523
34629
5740131
40741
38288
40542
40797
40583
3772081
45234
37155
44548
3772109
42851
36260
42752
2768670
43770
32752
43152
42614
42958
47763
35941
39732
39198
38757
31713
32754
43428
33712
19834929
42357
38177
44496
44100
5740853
44669
39513
42152
12798394
43735
33682
36529
32183
32216
3772336
43771
43413
37131
33011
5740816
39720
32719
43015
37862
32510
38752
36409
34881
8673965
36446
36048
34017
32620
38430
35715
31649
34882
32946
39018
31466
37973
39158
35977
318046
41203
326179
41284
41704
37038
33110
33485
37121
50074
36311
43127
10178943
37106
42139
38109
33231
34514
48785
42978
41017
32746
42515
36606
35398
249072
40451
32769
43148
34713
318824
32591
41150
42150
35652
318574
33968
33901
12798517
34788
33313
33466
3355111
33260
38062
5740528
43824
41225
35368
34557
34616
33906
36263
26067072
246562
39876
32202
43100
37011
30522409
39007
34117
49968
33922
36054
31656
318064
38575
12797901
41212
3772248
35332
33043
41861
2768836
38502
246648
37230
35197
40088
39551
5740389
43586
32455
33351
31220
32790
35856
40061
39135
35054
43412
19836008
35936
34714
30522397
32606
41152
2769008
33452
36042
5740771
35814
44135
33881
38468
41958
36488
38890
38456
31177
31111
37643
34219
317935
41592
36771
42302
36616
43788
37510
40844
31179
37117
34288
42774
31277
3772166
36091
36921
40616
38399
45775
35387
43118
43057
38411
3885569
43304
34774
5740338
37787
40588
35900
33434
50209
326174
5740840
42428
39032
34009
44505
45894
41265
42512
43739
40940
2768932
39033
31355
41638
59218
5740629
19835366
41019
40339
33824
41390
14462512
4379817
35979
41936
41483
34655
36632
39410
36171
39363
41172
39789
33920
318166
41294
39167
41817
43312
50172
34251
31751
39805
36630
48971
33995
41783
39875
32000
31226
39833
38635
32426
37999
117331
42412
38772
42130
45278
31638
41032
34974
32095
34934
43836
34430
40990
31874
39156
33933
34969
42894
35026
30522404
31293
43387
38891
5740472
40567
39885
40898
31958
47285
38402
53569
32803
37524
33944
5740544
32619
41302
31244
43563
3772099
33418
40936
40760
38873
36676
46234
3772349
31955
36924
40610
32401
43867
36145
40164
40283
33622
19835902
32574
10178912
43508
12798339
49893
43758
38893
33556
40143
39697
33565
32928
41321
42551
36382
31517
33509
14462701
38077
46662
36634
31155
36905
43796
38084
34023
31943
38412
36032
44014
3355130
33524
37270
44484
31933
36533
38651
40666
42981
40559
42900
42557
3354991
32627
38438
42846
33051
34192
246565
42838
39533
44271
41885
3772299
31519
39151
35343
33075
41462
246441
31217
35521
41217
10178934
38808
31151
44013
326253
37749
50061
41846
36147
36473
3355084
31729
39842
31027
44936
34719
36683
40410
32507
36390
35425
31162
31533
44885
33081
37627
36485
34684
31340
8674114
19834907
43265
39262
36086
41342
35499
33802
42208
39873
3772213
39748
35875
36460
44679
32757
252671
42704
34268
2768718
35546
48973
33007
32033
35408
33988
42005
40769
36299
41962
37647
37979
33855
3346149
31342
43730
326187
31521
34553
33563
34299
33681
34286
36670
318916
35896
33015
38178
42709
38205
31767
41057
37521
33791
318206
10178781
32572
35997
44096
37682
10178861
5740325
39769
38710
42452
35576
39138
32337
40581
32570
37493
31168
43580
36217
40285
35543
19835504
40342
33187
50149
36046
42481
37983
31391
38134
3772276
41785
34987
41852
42691
33277
32017
31071
31647
42110
34225
46415
5740185
42742
31667
39602
32874
34189
44095
40835
40850
40144
32126
41694
3885654
39587
32245
39180
38961
36964
37024
39520
39813
39765
31818
35748
36554
31896
35378
38374
35513
44391
31309
32798
34087
31918
40815
48317
31721
3355066
43442
43974
43240
41170
45976
31843
43729
3771891
33917
3885650
40319
31344
31000
2768688
43373
36336
34127
3355011
36720
40233
41674
50073
34689
37156
43463
34946
42034
37571
40170
36333
39956
39422
3772145
43498
36295
42891
7354472
45382
38773
32976
39683
37709
34282
41967
33185
34169
31707
38648
32536
35758
45815
32723
34320
43475
31845
39319
41289
34885
32343
41718
32977
42473
32796
34132
3772058
31356
34893
35950
34583
246424
32290
40833
37462
37877
42069
3885575
30522401
40638
50395
326226
34991
32813
33814
45328
32161
37889
318040
318095
43445
36727
40739
38484
40358
33760
42676
33125
33838
14462605
40087
40348
41423
35365
41176
35864
53577
40875
37468
318693
36004
32267
31915
64877
39608
32665
31718
40517
41665
36787
32312
32734
33026
326206
31394
10178866
250710
37311
38727
59223
43164
39629
41952
42095
36886
50301
41134
8674050
40849
35452
37940
53443
43223
40908
31555
39329
5740715
41987
32552
31056
38643
37335
32579
33971
19836240
35227
33218
42350
37057
41954
37729
38085
7354429
42696
36555
38907
31412
41726
39217
46015
2768881
42971
36508
42922
36384
14462405
38629
43087
34313
40302
43565
38733
39344
42465
19836082
5740766
32159
31611
33155
42750
326235
35709
43460
34646
34636
43825
33957
37574
32987
2768686
39103
37517
40676
47121
41428
40371
19834824
38175
35662
34453
37888
40307
42764
33005
37152
32437
31507
38695
36411
37043
32682
246406
39028
33669
37516
31664
40296
38721
33826
36746
3772264
38995
31747
12798159
41090
3771856
246600
31317
37368
33137
32478
41000
43020
31907
37132
34953
42940
4379850
38012
40102
32850
3772566
34289
34543
38338
40887
3354888
10178844
38879
35394
34634
37201
40549
33212
2768994
3772180
3355145
38047
31430
326113
40476
53425
32822
38002
36309
36614
32321
35138
31948
38723
40398
36414
33467
33604
45879
40620
33225
3355016
40152
38590
38504
12797875
43737
326259
48337
37336
32011
40180
41741
40699
43130
42248
36881
36075
31380
40967
40851
318841
43651
3885567
19835051
38243
31591
38168
33413
35359
37345
32397
39453
53515
42567
39516
40384
35894
39546
43229
36938
39835
5740414
5740297
41788
246509
38521
42491
32088
43841
37254
35790
53554
32073
42817
34658
36526
41431
41370
38021
40682
39232
40438
31169
44059
317867
41964
30970
40280
246653
37601
44382
31271
40514
42162
34968
32326
34263
10178840
44783
34808
41484
39460
8674051
37021
39666
318652
37974
39558
33337
37355
7354403
326151
38485
31224
3772575
43423
31090
35974
45556
33033
38017
43300
3355109
33409
42075
31364
38057
41629
32517
12798544
31332
32207
34079
12798323
40988
32836
48338
39527
41133
35626
32797
33846
31240
34921
44128
40793
34803
31487
43795
31194
326273
34000
40335
3346237
39569
41912
39936
14462810
53448
33619
318878
31574
33819
32567
39160
35440
36334
32135
34573
37536
35569
36190
38451
31660
42242
31405
34908
40055
40181
43167
41219
39231
34003
12798252
44451
38362
33495
44531
39077
31905
33541
3355129
37427
31130
32230
38007
37332
31620
170878
35124
36251
34982
37995
40447
33532
34183
246465
35340
41187
41670
48448
30973
32222
7354434
34058
42807
41232
37772
34425
5740215
38588
32493
26067037
44637
31384
5740282
317907
39537
32613
39625
41162
37981
41020
38730
35915
39714
39062
261610
5740334
40084
38133
38070
36571
36072
36673
35680
43501
38782
45840
38244
34119
38096
36465
44653
42313
39204
35616
41114
41208
40471
31157
43103
38082
43728
42683
42429
38360
53434
42632
35526
38116
38668
44275
40373
318981
34521
50003
246416
2768714
36776
35515
40459
43504
33552
19835727
45821
32352
36663
31589
37557
50044
43253
42379
32335
40702
39219
7354413
42717
31646
34073
43532
41320
31237
43794
43819
41656
43326
38196
32986
37884
42371
3772375
38865
40215
39153
32880
39132
35431
35651
42593
318857
32771
32953
33823
3355155
48311
43576
37820
43453
43093
41305
35702
32647
26067077
39858
43604
40826
35958
40905
3772502
14462837
32296
32205
34665
43258
42074
2768990
40867
3346150
38490
38956
33028
42755
43655
33003
33444
38332
246577
19836116
44839
36060
38072
33172
38740
34776
31379
31612
40617
33222
41957
39377
33183
42449
38273
44497
36966
42918
35690
41094
34140
59235
32233
32256
2768848
43184
40771
37892
317866
43298
3355134
43924
35509
32297
31311
36908
37552
35949
3346238
42477
44525
39443
47729
42577
36471
10178914
44861
41713
39255
19835635
40035
39721
43441
41960
34170
38292
31826
42443
31230
38212
14462845
39049
40848
12798276
35624
42835
33046
34835
45908
40513
41612
318892
36089
35956
39029
41427
41168
10178885
59176
40863
34435
19835431
41842
35259
41145
43126
31945
33874
36803
33850
41273
32262
35035
39648
8673979
33607
34519
39325
37013
37614
36706
31489
36976
40288
35623
5740483
39643
40522
43197
41085
38433
31086
26067059
40139
39206
32876
36860
40778
36790
32698
31153
41529
39274
43435
31486
47877
41055
3772104
35539
38346
33755
42762
36935
35070
37134
36628
42596
50296
40670
33953
50417
317878
35648
43276
49580
40679
38185
42757
39149
32889
42871
39137
47869
31214
42220
37167
36244
50169
32444
37016
35434
43772
31021
32482
33770
42298
38510
31712
32925
42475
32898
42737
43209
50403
41306
39421
260659
36073
41392
49165
34716
31942
34878
34137
8674098
40762
37070
39761
43310
31670
33840
40327
37119
38638
317885
40204
44118
50228
31639
41640
36403
3355158
35881
42795
38396
40201
39025
46074
37767
35287
35832
42819
40434
32145
32410
32435
41113
42268
318246
31061
39693
40651
318983
5740318
33771
32993
26067062
42531
32674
32994
33496
35494
