30522409
42465
40471
42797
41176
318260
35975
37156
40296
32752
42831
39587
31185
34288
31168
33222
43294
34646
38490
41113
37336
44786
44100
41187
3346149
59235
34882
41640
39435
37301
31237
46187
39481
41726
40682
41694
32836
53577
34645
40851
34673
42158
44548
33917
33413
32786
39513
38217
33492
39025
36460
41150
46080
31386
39810
39693
33026
33602
41342
33081
7354428
34881
3772349
33640
49580
40342
34636
39329
33183
34908
50073
38009
33988
32216
38145
42891
40640
35221
42737
37317
36224
31157
42973
42978
32682
33604
41390
37021
43197
59176
31945
40848
38077
42835
35702
38002
42463
39720
42062
39682
36992
32127
32987
38085
35526
3346238
43767
37410
42055
36336
40448
34616
38772
32267
44275
36129
26067072
38469
38017
40205
33541
33260
35569
31611
50068
39385
41638
32024
45234
36048
38451
40055
59218
40679
41869
40527
41550
38629
35715
39232
41656
34543
39608
36668
31521
39160
43867
33524
35813
41592
32517
31293
38116
43235
31217
45012
42567
34997
318872
47285
33957
2768881
37973
32613
36425
38873
38730
31555
38178
38890
36881
31826
36717
43127
40863
42560
44936
39158
43650
30522399
31342
38429
318682
43423
10178912
35509
34542
44679
39387
47877
40833
14462810
39947
41744
42846
38590
37749
37949
37152
19835431
37862
44497
41883
43841
36860
43728
33965
35359
36698
32230
35259
31490
44095
40620
44879
38338
41428
38605
10178861
36384
35336
42795
5740325
41616
32585
30522396
39043
43087
32813
8674055
31826
43467
36555
39958
34073
41034
35037
38643
39255
36746
317885
38438
42325
41363
32353
42428
32352
38747
32619
32428
5740766
318890
35979
38093
32751
34608
31464
32088
32119
38648
37979
37571
33140
36938
41306
44259
41058
43093
40998
37627
36299
40542
36826
37155
33434
45815
36433
37787
326206
36853
31194
5740853
7354423
31158
34282
38730
39516
50149
44135
39231
40144
32771
5740472
41737
31322
318916
32715
32860
32885
32207
39527
31344
43682
33544
34114
32688
53425
42350
36032
40453
32183
33802
43924
42150
35197
42752
30522399
14462512
3885654
43794
5740389
33459
14462405
44885
41133
35309
36297
39825
37493
38588
40084
34356
246577
10178866
41987
41144
31356
37760
33319
317864
50296
35227
41069
261620
37853
10178781
7354432
34017
47757
37710
31293
12798305
318652
37024
34289
31646
32410
40430
41967
38675
34137
19836008
43118
35394
42557
34924
41665
44703
32798
43498
40183
5740840
35894
37567
43739
246567
35956
2768718
2768670
42139
31466
43737
38698
40908
41363
37820
50209
40961
39281
42742
5740348
31434
37682
34848
42801
41172
3771806
31942
35762
42762
41726
34634
42268
42074
38022
35881
36871
36508
32799
39033
33071
39768
34009
42064
41208
19834824
50172
33017
44936
32493
40617
59218
33015
261626
38470
43604
30973
38402
32437
3354919
318693
43576
39138
19834929
40815
7354403
43392
44669
34679
38332
19835655
32977
34969
42152
39833
39633
33971
33351
41635
41484
31966
41047
40638
36333
12798276
50169
43729
38643
261610
44271
36768
46415
43091
35287
34803
42110
32161
38047
41503
34313
39206
40436
326235
42851
36251
43124
33231
31065
32797
40936
31027
37855
43258
39761
43504
40319
34597
33622
35576
45845
36956
34403
38178
246518
34256
3355084
33128
7354472
42918
36614
3355129
45280
12798159
2768686
39666
41212
318210
38306
31412
43772
45883
32647
33010
3885575
34058
31517
35431
33418
36990
39805
260659
40152
8673965
33606
34521
34873
30522395
12798144
50395
32925
34286
34878
41057
38504
35997
3355158
39546
39422
35692
43506
40373
38244
34080
31169
35856
42755
41152
5740185
2768994
31130
31779
42513
39555
317935
326251
39575
35748
33995
59184
32862
41151
32116
12798408
38715
35035
246552
12798517
41883
38710
19834720
3772559
32694
43828
37767
36414
36075
38521
32256
31772
30522410
42638
43276
38575
10178844
33619
36485
37106
34087
40410
43445
31958
46080
19835366
3885650
34735
39876
39922
36803
34483
318166
42767
42795
43558
42920
36683
39564
43767
318064
40040
33881
39151
33942
41017
246600
38505
36311
41176
318260
41911
318981
39453
36301
41912
36396
36554
38133
33903
34655
39344
19835431
8674051
41162
38134
31486
53439
41944
34281
41529
5740338
34742
42813
326255
36073
42554
45908
32620
36091
34000
36190
14462810
37345
42371
43771
45382
40567
38093
40826
32421
33845
246653
32734
34140
19835635
8674050
31620
35398
252671
34316
40307
30522409
38769
49228
33509
33770
41279
32918
40778
33343
37191
34974
38456
37536
32619
7354424
33467
19835504
36028
3772427
42632
40384
38897
38844
40302
32624
39885
33755
40761
40280
40195
39602
43373
39377
246620
31721
44118
35814
31153
41396
32993
31489
37655
43730
50074
7354429
32722
326179
32468
43508
31086
32898
39569
34430
34251
38411
43695
49953
31111
34947
37877
32880
33136
38396
3354888
44496
31647
32891
39919
40398
40581
46456
42683
41413
37652
39028
26067077
37374
33540
42523
3354896
43487
39007
43924
35532
42734
2768965
31667
31230
3355130
246441
37199
36390
43099
37661
42162
41085
31507
42062
41538
43694
36797
31873
33952
44861
38360
40438
33452
38185
33823
19836082
38346
42208
33310
246416
39400
35583
33704
34716
40288
33910
246465
36676
37574
326173
39132
43177
37013
38084
33602
2768853
7354428
31802
37481
35758
32132
33607
32986
42206
42322
33600
53434
31729
34514
40643
50403
33137
41392
48971
31217
38727
35419
32665
43312
19836188
31168
2768688
38214
42621
31565
5740853
41867
35958
39608
47869
50044
40283
32591
32885
41284
53562
31611
34946
3772180
32318
41355
42596
33838
12798544
3772213
33826
26067062
32572
42242
38288
32448
39148
8674033
33485
32049
33727
37205
32011
43787
38062
4379817
35359
38502
246406
39410
32321
33066
32353
40427
39054
31519
36517
44355
40896
35368
40875
43434
41629
33807
37974
31021
48448
39587
40085
30976
36571
40143
39683
10178782
32723
39274
2768848
46038
40476
41104
40358
5740370
35546
19834948
39697
36727
31707
33125
33922
12797875
42348
12798252
36643
44505
33212
44128
39261
31737
39228
44643
32455
41592
32275
31244
39936
37132
40940
41825
38142
36663
31933
37999
10178809
32850
5740565
38869
40551
33108
31320
36095
35552
33466
2768680
37232
46069
38561
33932
5740235
246653
30522400
19835657
34753
261634
31555
37925
32401
41431
38668
34117
41646
40233
39835
36966
38590
43315
43586
318872
38468
42452
33495
32567
32063
32656
32771
43769
41294
43810
38347
32947
41305
34032
40928
14462701
32262
43936
37117
32836
32202
33676
36348
41182
35340
31251
39533
43923
40032
41616
42412
34264
37042
38212
40664
38993
43650
250811
32297
40793
35974
47457
40459
39332
42894
38773
35242
32627
19835727
37218
34496
35915
43152
317866
43721
34519
37355
38597
45374
33229
35768
36703
34920
39821
41718
37456
30522408
39682
26067059
40090
37978
49297
45775
32159
40314
39180
34985
10178840
3772542
35698
41134
42220
319011
33527
117294
317913
326259
38971
38438
32230
37167
31896
40608
41591
42443
43655
317885
41168
32352
43197
12797901
39693
38723
43391
35084
3772349
32882
35267
43809
37134
34719
40061
43636
4379850
42226
35540
37070
47220
43412
42577
32552
53569
43782
34553
35111
42676
39947
33953
32326
36104
41000
32751
46006
39082
35513
31293
33211
5740816
33172
39873
42836
326151
19836116
32337
34453
34921
31459
246583
33944
7354434
34557
35034
34003
36862
14462845
35343
36720
38109
43304
37889
39032
37643
38995
38485
43126
42958
40527
41265
53554
33824
3885607
35408
41046
31589
36935
44071
38534
43832
43670
318878
37602
35378
5740131
38629
46234
36046
42463
37200
42956
36127
326219
43974
42189
37131
36905
42269
41114
41414
10178885
32470
34192
36860
36630
42512
3355134
37892
39537
42656
318857
41080
30522401
39527
43240
32233
40371
42313
36384
40797
32972
36673
35076
35387
33409
41140
5740590
40912
36526
31874
318952
31650
33305
33906
32579
36253
19835051
19834823
32288
44679
38747
32796
43580
43469
48311
34826
35680
36332
40169
38808
40359
42357
34170
32222
32570
246648
40544
37254
36171
43184
39714
37601
8673979
33793
39735
36789
40201
41019
35955
38412
44205
42900
36706
37201
39875
41899
32674
38374
42325
40800
35832
39567
42567
41020
38196
32444
38665
35846
34320
40170
38695
42531
40666
38788
35929
44879
42034
35539
42095
39421
38399
12798317
41113
40517
318562
42130
37368
36740
41425
33005
43604
39926
31574
41062
36521
37230
32874
36217
36555
33846
32780
41094
317856
37329
32544
39565
19834907
44531
32009
38435
37517
36523
48785
31845
35434
34893
38591
34348
33982
39340
53432
41058
42057
42934
41731
39858
12798339
39557
35452
2768990
35417
40835
5740629
35936
37561
36239
50003
43467
31523
34079
2768916
34219
32813
37953
47729
318841
41138
34689
40653
42379
40088
32024
31767
41741
40769
246525
33923
39049
3355066
32478
37940
32953
37372
38956
32629
39062
32073
35072
37311
34658
45821
43453
40583
38315
37270
40164
43300
35021
41145
32738
37462
42248
31071
38740
31363
326261
318983
33139
35070
35282
3771905
37720
12798330
40616
33791
3885567
41936
38756
36295
42504
318246
35336
49895
3771856
32889
31311
43819
41109
38638
34012
36118
41809
43838
38624
38946
48971
41670
31948
43501
38070
33003
37516
249072
8674091
40335
42759
42930
40521
42747
38205
45894
36529
31915
53425
35950
43513
50147
35332
33532
33968
49165
40873
34648
35420
14462837
32688
36042
34268
39363
33712
36244
38752
3772566
40522
41217
34588
33429
35509
33613
3355145
34813
39486
32507
42515
36924
32719
41625
39540
32088
12798232
40676
41462
36019
31344
43788
37910
33156
35207
38382
45248
46386
43057
39217
40699
34665
43298
41852
40620
39198
40588
33571
5740544
39772
40998
3346235
32114
43901
44451
2769008
43735
37455
35007
5740297
33498
35138
33398
318595
3354965
36641
32135
40091
3771756
34953
47998
318824
43310
34189
42362
3355011
46015
43691
43087
39738
36306
43103
44437
34304
40482
36938
31670
44135
46662
31564
318040
42691
38375
31430
37057
33431
39956
38757
41661
43164
44058
34225
36329
41885
45234
36330
43640
32000
318206
30970
41273
33444
41055
33011
40529
43414
43435
33062
33521
3355109
43294
50061
35494
37914
33337
42606
8674098
31162
31843
38433
43723
64877
5740215
40345
3885569
31355
43804
36921
31943
3355132
44391
35473
33241
42846
31840
2768932
44059
33434
37983
33920
31364
31429
33855
36632
40864
42838
318698
31831
43824
41846
40546
34774
32261
35895
38714
43765
38338
35054
8674044
36054
39985
47091
3354921
35923
31056
317878
39122
42431
326113
35499
42519
35056
318608
38605
32994
34808
32095
34183
36403
34446
33505
246565
39029
326226
38879
33277
35709
32335
36662
36562
36086
34368
40139
31712
43167
40035
40514
39558
31224
3355111
41674
42696
43836
36304
34713
38002
35227
36886
33313
50417
32426
39018
32296
3772145
31638
42774
40976
31955
40990
31348
50301
326187
36773
44274
246562
42291
38430
44783
41341
317907
42069
40887
40391
35058
41602
33682
37524
45278
35078
36564
33075
36740
10178934
38243
36004
42268
35690
39855
42614
326174
31340
36645
38510
31649
36776
31195
32822
32437
246505
35066
40451
37729
5740715
37959
36533
39675
3885599
40652
3346224
26067037
37427
36409
39028
43475
40948
35651
40436
36260
41465
35124
41321
7354413
44637
34211
35594
43070
44382
43229
33669
47757
31664
46813
37536
33796
42302
40875
3772166
3771957
3772203
3772336
3772502
3772248
3772575
3772104
3772094
3772081
3772264
3772099
3771891
3772276
3772271
3772058
3771809
3772013
3772083
3772299
3772496
38196
5740297
35253
47457
35138
36045
42509
39049
31573
41204
5740811
41232
42451
47121
32753
12798323
5740483
38292
39156
42075
38301
40427
2768714
39648
36521
32786
33118
43413
43343
318020
42483
33043
32315
31277
34968
41960
33556
40514
31521
261620
38406
33155
42971
44271
246587
2768981
39149
40181
38346
33967
246424
34788
36363
39774
33563
41363
117331
36263
42291
33277
36499
42491
48338
35997
39313
42636
36654
32946
39520
31177
35623
36092
34119
34996
39385
31602
326113
42642
36109
36628
33771
41057
39319
37914
41861
19835010
40967
33901
31168
38824
31542
39748
39077
36473
36583
35044
42435
42807
2768848
37076
31240
33933
41670
47763
36334
36446
41413
31155
35365
42882
5740318
40898
42032
31562
3772542
19834814
32976
38733
40700
41346
3355123
32790
42632
37661
35790
33565
37709
32935
39842
31000
40104
38635
37775
40651
33212
5740599
44548
32704
34435
37551
34934
42350
5740771
43148
31533
41483
43670
35540
37363
12798394
40739
318892
40513
35864
41207
31612
31226
37521
35549
31271
37578
37335
43728
39883
45280
33187
326251
39204
38893
246518
41964
36465
40797
36554
38515
33924
31949
40850
36299
43080
39206
35977
38907
38273
37043
38611
318082
39625
36964
41305
43441
41170
49968
3772265
33850
326273
30979
32837
326253
36606
30522408
37548
41145
39721
35408
40532
50228
5740474
38021
35648
32803
40348
7354472
32017
3346237
19835051
246509
42005
7354471
36060
41219
35941
36250
53515
40670
36176
42556
39643
39137
34560
38891
38177
32312
38047
40830
40327
31336
36630
31061
34484
39662
38362
33739
39165
34541
33211
40285
19834931
31151
31344
41458
32797
318095
34263
36616
35007
41803
34767
35026
40551
42670
42444
32698
38407
36634
38057
36488
318064
41289
40319
34583
34684
40351
31214
43838
36244
32033
318164
43463
42676
33218
44885
44978
19835902
4379867
34408
36240
35515
41962
39153
37884
8674091
34665
42258
41612
32119
42429
36526
3885654
38505
41788
41203
31751
42473
41952
32337
39957
42593
31086
33496
39392
40288
41168
3772559
34299
37552
42475
34132
32876
4379850
42477
31384
3772180
40849
37862
43087
37892
38469
3355155
36145
42313
31718
40867
12797901
33881
33046
41370
33995
34987
39325
41694
39258
39103
48337
40385
50296
318946
34192
43867
38067
14462837
38007
38534
250710
35949
318698
5740310
44653
37614
37546
40998
36578
43651
59223
8674114
37038
34573
40087
42819
33824
44115
318224
31746
53443
10178914
35843
3772405
36773
30522409
2768718
5740282
53425
37121
42704
43469
32397
31907
53569
43057
35715
38485
31380
33248
32126
246600
41783
38946
46074
40567
40544
40833
42069
31713
36889
43565
42551
40789
40559
42608
5740816
39608
43758
42757
7354428
35626
31905
31405
43781
35394
34688
43832
42460
39219
34023
40174
43428
39197
32205
45879
3772375
40055
41785
33552
42751
317856
43819
31179
35440
19836240
39765
32629
31332
45248
32703
31620
19835431
42889
39238
32009
39769
40204
40215
40760
31408
32510
36032
39551
43532
42871
39693
31767
31591
42750
45821
41058
35875
34850
40741
39833
44839
5740414
33028
44014
44095
39533
38093
5740544
43435
43765
64877
41256
32343
41852
43796
38433
42248
32928
39683
34127
31555
32245
3354919
31430
31391
318841
33156
35922
37981
37247
43453
31489
3354965
33110
42362
39688
35624
38070
318046
38651
40434
34348
38714
40929
32242
39527
36072
45840
31464
2768719
33343
35521
34642
31997
41046
41302
42922
32986
44484
41225
33185
34483
36382
34009
32353
31220
37772
33033
41032
42940
43508
37129
40610
40549
32574
34982
40091
40928
37185
41726
42079
38096
39198
31915
41704
32603
39054
41776
43020
35336
44525
3354921
19835476
326255
43460
32973
44936
246602
40676
43841
318682
32757
317900
36433
39268
31162
37254
36976
40522
40905
40543
38721
34714
36675
14462605
32536
49070
3355016
31111
43770
31293
40325
37720
42890
31639
49953
35536
35368
34658
31918
36603
44013
40345
35709
38002
34003
33498
43825
41987
36562
3355130
40844
38782
41094
38012
38129
37995
37174
35652
46234
49893
34776
43078
3355011
49168
3885565
42481
36670
35499
38087
36163
38865
39338
43824
170878
43304
35543
31002
41457
36740
40438
318953
44786
30522409
39835
34566
32986
5740215
31933
33473
38469
41363
41944
32888
39789
40765
38168
33814
246438
42101
40762
30522404
38175
30522397
42449
5740544
41238
36771
50172
250811
34835
3771960
4379892
37647
37017
36908
32435
35070
44505
43253
32619
38890
36089
31071
40758
5740590
39262
41713
37037
38072
43209
42795
42160
37485
44750
35004
34719
43326
39167
42477
39385
37332
35896
34288
37879
43223
41085
43695
33498
19835383
31391
33413
31271
32314
36676
45840
41225
40721
33541
39025
36176
41962
35786
43796
40447
40414
39629
37548
43563
32245
45775
48317
32145
37510
33638
34519
39594
33078
45328
40771
40988
37889
38082
39525
33874
3354991
39564
248102
34425
36309
42638
37016
32746
39833
246650
33932
31980
31245
38178
5740334
39265
34024
31466
38590
39443
39231
33481
45556
318872
53448
31747
42242
7354434
34850
34924
37552
32754
3772101
34847
34991
41982
40912
31309
43444
30522400
8674066
32751
35616
34569
37011
35977
36790
31384
36104
40339
42258
33760
2768836
37468
14462810
31379
37119
32606
19835548
37027
35170
40967
37557
39137
39332
41954
38487
37888
32977
44013
43771
34629
34608
38142
31394
33222
41666
42034
39419
37403
45976
39683
42704
19834931
38484
43127
31487
35267
37556
42717
33681
43100
5740528
41302
38635
43265
42530
10178844
39241
42298
37546
36411
32698
38505
40283
2768719
43442
33108
38730
34192
41320
35170
39460
31177
34985
33276
44096
33007
36330
36471
42764
43758
3772109
31656
40064
32769
33840
30522408
32482
42709
43428
36147
31090
31660
35900
38961
39049
31317
45328
39054
35408
33819
31707
5740414
43087
33225
43387
44097
41957
33944
31612
40102
32428
37981
42817
45821
33676
39198
34169
41090
32290
5740152
35799
30522405
10178782
35997
3346150
36578
34688
37254
43300
42819
35662
33051
34030
40180
39662
42981
43015
39732
45931
41958
41625
35425
32233
35955
39421
36773
32613
31344
43501
41817
317867
59223
34885
33613
318841
48973
32939
36156
40835
38468
32771
43130
40702
39813
12798317
41423
41842
318574
41427
42971
10178943
36253
33780
43795
34920
39135
37979
39052
32994
40091
35756
39035
37627
40542
33313
38204
36787
38070
31818
38865
