32567
37364
40992
32898
36368
31764
38356
43216
36075
10178814
31196
41273
33218
36468
37864
42300
34779
34719
38384
40549
40721
33543
39919
32000
40287
45307
31737
31533
39873
3885573
40374
35215
42663
37560
39521
35293
37668
43924
34629
41423
30522410
40314
38963
32889
38522
30522402
33219
32078
41305
38142
32437
34568
36460
31350
38649
32351
44127
45775
39107
35031
43243
32721
37157
42443
37877
32624
32797
32083
32751
5740472
40965
41747
32148
38102
43218
37981
3772015
39049
38404
33284
39150
32398
33204
39552
42034
31557
36431
50149
42051
41783
40195
41726
2768670
38695
31620
38327
36773
39732
42295
38337
34507
34738
318918
37456
42313
43462
41019
43197
32729
41363
33222
42269
42531
36706
32760
42918
38890
31107
42751
40436
32123
40090
31155
39565
38714
31767
35037
42738
31384
39054
44653
42481
31344
36295
35624
42150
39582
50003
36772
40370
44936
43300
41616
38001
31915
33498
38070
36746
42460
35540
38204
43832
37423
42560
31321
50055
34147
42291
