5740472
42034
39054
38142
37668
34568
32797
38714
42313
32889
40965
37864
37560
38649
36075
42300
40287
32148
36772
40370
42295
33219
32729
38384
39552
38337
38695
40436
43462
43197
40090
36773
39049
318918
36468
36431
31915
41305
37157
43218
32398
34738
31620
33204
42738
31384
39107
31350
45775
35031
41726
43832
38356
41616
31344
31533
34779
44127
32078
35293
30522410
42051
43300
38102
38001
33222
33218
34147
39919
39521
39150
35624
50055
37981
36706
38522
32624
32721
42481
43924
37456
31155
44653
33543
38404
31196
42918
35540
40314
31767
3772015
42460
32898
35037
40195
50149
39582
42663
31107
33284
32437
41019
33498
34507
32351
38327
38963
39873
41747
3885573
32760
42443
38070
37877
34629
41363
40549
32083
50003
36746
40721
42560
31737
32751
30522402
42150
42751
45307
32567
41273
35215
39565
32123
36460
31557
43216
36295
42531
39732
32000
44936
38204
40374
31321
40992
38890
31764
37423
37364
36368
41783
2768670
42269
34719
10178814
41423
43243
42291
