40204
40998
31948
42606
33485
3772104
35651
19835431
32850
50044
30522408
43828
34847
37024
34408
36578
37329
42531
35552
33466
40414
326253
34288
41666
3772109
38085
38723
40898
36109
35762
38468
31230
34969
33222
40385
32222
39329
32567
34079
44750
43093
35832
37270
5740528
36676
33807
43276
36263
43300
318210
326174
19834948
39697
38451
37410
3354896
36129
3772542
43469
36409
33556
42734
42930
36773
34569
35698
41899
3772496
37345
41964
39876
170878
35900
32135
33496
32987
35499
35066
31486
5740389
39158
37011
26067059
32116
42248
42313
37485
41911
31639
2768714
19834929
32114
44669
43796
37979
41133
59223
8673979
43015
34316
39633
41150
33910
317864
33118
33924
3772166
12797875
3354888
41279
40522
34119
10178943
42429
34753
31405
33855
14462810
3355155
42956
326151
246525
37953
33739
41305
34646
34742
32754
32159
39385
33033
3772502
50403
32297
31942
33017
36889
32579
42242
317867
34192
45775
42709
35494
12798232
32771
32437
14462837
39268
32183
2768994
36554
34268
42055
33137
39555
39443
30522397
36921
39400
34835
41638
35546
41062
2768981
35253
36414
261634
34024
3772271
53434
318164
38643
31224
43513
42608
32757
40620
40438
31767
34012
39602
14462605
36019
40848
42139
41145
42891
32435
41284
36517
44783
41592
35843
40348
38961
35856
326226
42767
37076
7354428
40436
42934
32939
34636
38070
33874
43127
42577
39540
38435
41151
34211
36253
31647
44548
36803
42152
37556
37647
42890
30522399
39858
318878
39197
326255
39774
3772058
31949
36156
36045
31332
37232
31220
33903
38338
40653
42551
35956
36521
5740131
31489
32017
33527
31542
33212
31612
40448
37167
35365
31747
3771856
36964
44484
318224
36571
33225
33638
32132
5740310
35875
3772083
39546
39232
36042
40307
34496
41370
36304
48448
38407
32353
44839
39675
42894
35398
35950
43100
33172
34573
19834931
19836116
31646
33066
43580
38721
42691
41114
42530
49228
34430
5740853
44382
42683
37191
38521
42593
43832
46006
36956
3772264
39565
38084
42512
42742
40358
34634
43091
32994
39833
40702
35044
35473
36384
317885
39985
40319
31713
50073
37493
38752
39274
31487
37134
38638
46813
40205
39156
3771891
38485
34304
3772213
2768916
10178844
40430
32314
35692
36239
31244
7354424
37552
32606
2768718
33418
37027
40104
36675
38946
42435
39772
38456
39007
33712
35583
32665
33218
35758
43901
3346224
42208
12798276
3355145
41661
43020
34140
31309
43735
39957
38873
40342
38196
32698
5740811
36060
43445
32242
43782
37205
42475
36163
37925
43765
41885
41846
34655
38362
43460
34629
35026
36908
43576
3346238
38695
37749
32973
41694
117331
38273
40055
40875
252671
8674055
41414
40174
5740629
3355111
38374
34541
31245
14462405
38665
53425
42940
37200
40666
34714
32647
5740472
318872
34893
50068
318095
41294
44128
41718
39625
34032
42596
34127
37201
41987
33128
35846
31151
39035
32011
5740152
317907
41629
2768848
43435
33505
41785
318020
41427
33681
31611
39648
38375
246509
40544
35359
36533
40453
43184
37516
10178861
36614
43304
40391
35915
42556
38504
34645
40928
34251
40546
33606
43771
40427
38995
42473
36526
39122
32428
41957
39387
4379867
36924
38605
36145
35368
42523
34688
36606
39587
37643
36295
37602
31933
35543
39028
42269
42379
31214
31322
34058
38956
19836082
43126
40849
31251
39919
33005
41020
32746
40451
39025
36643
34080
32444
31386
318841
40833
34974
43936
32544
37016
35532
35513
34767
30522409
37548
43240
33923
39486
40434
33755
35267
3772265
34679
42835
32024
32704
35054
35425
50172
40651
318916
10178809
43078
19835383
3771806
7354472
43434
41342
7354403
38177
35124
42322
39153
33881
40551
36224
44653
41207
39137
36240
31311
30976
40345
50296
38178
43444
40359
38808
35594
35419
35941
33319
41625
31434
8673965
36306
43758
38057
33552
37578
42449
45894
49580
42557
38534
32470
42357
47998
34219
35536
35242
40905
4379817
32752
35896
37462
36663
35440
36990
31533
31718
39569
41413
50147
32230
3771960
36717
35955
31217
43487
250710
35076
36171
31065
31589
38651
39148
31071
35975
31226
33026
36118
40091
318046
45879
39835
53448
40447
45556
41936
14462845
31660
37517
32918
38438
38733
50228
31429
34519
32928
42882
39693
40721
30522401
34608
31831
43130
47877
40164
34320
38109
34264
36095
32426
326259
37820
19835476
42656
39238
38412
42504
3771756
32321
38844
40482
39410
39135
3772349
42836
45382
39564
41462
40549
246416
46234
38009
43867
34183
31340
44391
42189
33398
246441
40610
40739
49895
41960
39947
39537
33429
42755
32769
32585
47757
5740297
43819
42560
40233
50003
35799
40700
37156
33010
38597
32862
32275
7354413
34137
32719
43099
38214
30979
39666
42160
33669
39421
33046
318698
12798394
37155
35748
39608
40529
38077
33819
38002
39180
41550
43258
43326
37974
42958
33075
33277
12798330
31317
34850
36471
318260
37546
40514
38907
31169
318892
36683
42452
41172
326261
32972
35387
34658
35652
36662
33043
36217
39363
33965
34588
33155
44271
42515
31573
33932
32797
39319
326273
35170
31840
38757
36048
45278
43836
34788
12798544
35786
43640
32946
34282
31779
35648
31177
33434
7354432
37627
31896
33509
36562
31918
41869
34299
34566
33727
41346
34000
41363
41741
44861
32482
41783
39813
33850
42737
38062
49297
39262
5740590
36244
43124
36740
35207
39258
34934
33351
33452
41726
35576
36301
34453
32335
32145
31490
44059
35864
40789
43694
326179
2768836
36630
33845
37521
41635
31155
12798159
41219
10178885
261620
33602
36396
33185
43152
36529
31555
46187
8674044
34848
35624
33187
42978
38575
40976
42819
31111
42057
31907
46415
19836240
36905
40144
31980
34908
30522410
33473
31955
246583
40085
36703
32468
5740334
33492
246600
37403
44118
36860
3355011
41602
3355130
38648
39575
36771
31873
59184
26067077
41809
34356
14462701
246406
42752
33139
41538
39077
36768
33498
42922
40201
38484
41842
33409
3355123
5740483
36976
41046
3772575
34543
19836188
38971
10178782
31751
34616
41484
246552
46662
39805
34813
41208
5740715
40384
36046
43650
3885565
34947
48973
36092
26067062
14462512
39520
33051
37070
38788
33495
41203
3772013
40583
34117
40061
318246
246424
3354919
40769
33541
32786
3772099
39682
2768932
31507
35539
38727
37571
35895
43253
43651
34425
34170
45234
31086
41591
35431
36330
43728
35452
43824
26067072
38315
246465
32836
33565
31157
31153
40325
31523
37335
7354429
64877
39481
42846
50301
41113
32935
31162
42130
44879
3346235
39662
40517
32822
5740771
42762
35056
43682
35078
5740816
32703
34169
37524
32245
43809
31521
42638
37368
43739
37888
39377
33540
40296
32343
36790
32813
319011
42150
49168
38007
37877
37311
39422
2768719
37729
43737
53432
42971
12798317
10178840
12798144
5740185
40896
31905
38430
39206
31772
31061
2768881
2768670
3771905
19835657
34446
35790
47220
34774
31237
32688
44786
31565
36787
35420
48971
40967
36433
46080
43414
41958
42064
32947
33982
246565
3355158
32326
36332
41744
38469
12797901
39435
43767
36499
43923
41256
19835366
38756
37983
30522404
44096
33922
33003
35690
35343
46015
19834823
36465
41034
40527
19835635
31670
34023
39825
45931
53439
41238
33957
39255
38301
36645
32552
33613
35259
36260
5740840
40521
35515
43721
40335
39735
34982
34946
35332
50061
5740370
30973
36853
47121
10178914
40215
31240
38769
33305
19834720
39594
317866
43315
318166
31466
32976
35813
45908
40476
43391
31649
31664
42074
32493
41954
37372
31363
31464
40617
39922
35434
37230
35958
38332
44355
31915
42431
35408
38635
34689
44437
38145
32261
35923
19834814
19835051
40864
39281
5740599
48785
37551
43118
41656
32624
32876
39516
42362
42851
42034
35662
48317
44525
43498
33622
42751
39018
35336
31729
42325
43670
36654
33619
39875
37892
37655
37914
40285
33431
36086
35623
33607
31459
41458
31562
38879
43177
33770
3885567
38510
33337
39160
39265
41713
39241
39527
40815
36311
59218
32898
3885569
43810
53554
40398
37336
35936
40771
32734
32088
44505
43442
50395
5740766
35282
41674
33481
36309
40929
43343
45976
44014
42813
40169
326113
34673
317878
42981
43795
39551
41670
38288
40851
36628
32397
34256
39325
44703
39165
34189
37017
59176
33995
44496
260659
317935
35034
37567
43655
37652
36390
43087
39842
32986
40152
32613
38893
31517
41104
3346149
40195
19835902
36555
41665
117294
47729
47457
42920
41737
42567
318890
3772405
250811
35111
34920
39033
42465
33532
36075
40567
31348
31620
34665
39936
39688
34968
33081
3771957
42513
34597
36363
45845
32674
39313
35007
38710
38021
32073
36176
39525
44205
45248
43392
35756
35037
32753
34642
33248
8674050
36871
53443
42062
33110
35974
37981
246653
39558
42717
43636
41080
31591
3355109
36720
32202
32694
48311
32574
43057
43413
44071
38824
32290
36251
36446
32401
42110
39714
40758
36797
41425
36698
36127
31412
318983
41212
3772081
32205
33260
35977
3771809
39768
31958
34924
39810
41731
43841
32216
33826
35340
43769
32063
36411
40410
41058
40797
38212
246567
39419
32925
40087
2768686
45821
33704
33640
30970
45280
47763
46038
39720
39873
43197
38993
40912
40459
41616
31638
32799
32780
246602
33007
32790
32315
36032
39344
41109
43265
44275
34281
38406
41302
40183
317900
12798305
39769
37455
43294
32570
33791
39557
43312
43412
36460
38306
39332
36668
39340
31320
31056
36826
33901
39198
43788
31336
3355084
3772336
42481
44097
42696
32207
30522405
33140
36348
246562
37884
36473
38017
36938
31721
35929
41204
41457
41817
33823
32885
43501
40542
32603
35138
37199
34003
40643
41529
36706
39228
33604
40559
42509
33444
37973
31602
34987
46386
42632
39732
31737
44115
42757
38399
42412
42747
31195
33824
37709
40288
34719
42774
42460
41032
35894
37119
37481
39054
31271
36641
42298
44135
36670
35058
31179
33028
42095
44936
38433
45012
34087
33521
31650
39958
40351
44497
34716
32837
34368
8674114
40830
41392
32312
32888
42348
37995
40765
43235
59235
43504
37787
38411
43387
34542
3355066
33125
39629
33780
39052
44978
39032
41962
40581
31194
41861
41503
36382
33953
41341
261610
36334
40373
37301
33524
39721
39132
34286
3354921
32682
42750
31391
3885650
32421
40936
5740338
40867
42463
32119
31746
39643
43825
38047
39453
37561
37218
32738
43586
34348
318574
32256
38470
246648
34648
42302
43604
42973
49893
38490
39392
42069
33840
37910
43080
4379850
19835010
44058
36935
12798252
38730
35197
39049
47091
39761
33771
3355016
5740325
42759
246650
35378
33078
50417
53515
40032
42443
40835
318953
42258
38129
34483
39533
41803
38505
317913
41306
32517
32751
33413
36488
41162
43781
44274
49953
41431
40588
261626
5740348
33600
40090
41176
40844
31845
48337
36072
34114
30522395
3772248
35309
318981
37536
31997
33563
318952
42350
43428
33967
41085
249072
33760
31843
39748
43508
40676
31802
3355132
32629
36403
19834824
42838
37855
33838
37959
38134
41321
42704
33971
34996
42491
40699
34009
31384
3355129
32510
40180
34403
246577
35521
32352
38346
33968
32507
31130
37949
2768965
32882
36299
39231
32803
39167
37057
43730
31818
37129
41138
40908
32126
36089
43209
31000
31277
36603
44451
33231
43723
37132
49070
43310
34073
40638
37557
49968
38675
46456
31656
42291
35922
42268
43772
43373
33211
7354434
36673
36616
38204
36485
42670
39738
42621
44643
41982
7354471
31519
42871
34985
35221
37131
33136
3354991
32455
38624
5740215
33988
36336
44885
42032
38429
38561
32161
8674098
39460
35227
246518
35680
40873
5740565
36992
8674033
3772101
32049
45840
40679
43467
40035
42831
39821
12798339
39513
32715
35072
33108
34713
40302
43167
40887
317856
36250
8674091
33917
38869
35997
43558
38782
41967
41640
35021
37174
34991
37574
40940
31027
42676
35509
43565
40948
40283
3346237
38082
38591
8674066
34885
38890
326235
40652
12798323
38168
36004
318693
326251
34803
42158
41225
44013
37720
38116
3885599
42795
38205
37121
41396
38515
3772094
33011
33183
39885
38611
31874
34826
42519
42807
41320
37601
41289
50149
34521
38096
43223
35626
38714
3772203
32288
34921
41952
43441
39956
31667
40084
32656
31826
40640
34484
34882
49165
46074
39883
41912
33544
43298
36091
38891
41776
33682
37614
35526
31380
31945
37767
32233
37889
326187
32262
32478
32296
34435
37042
32410
38382
3772375
32953
36776
38022
33796
44100
42764
37999
31364
37940
3346150
5740282
37332
43506
326219
36329
35702
3885654
33015
33952
31293
48338
32033
31966
38487
2768688
40664
42226
318824
10178912
318064
31394
38747
40040
2769008
10178934
34953
33906
42451
33313
36632
42636
318652
3772299
42371
31002
40471
32337
36746
37374
37775
37185
34873
41265
37254
47285
33944
37879
40961
32977
36508
35881
40170
38897
42801
43070
35616
31356
32889
42900
37317
40670
40616
32591
31021
32874
35035
42101
41152
38243
42075
41232
42483
34017
41788
41944
42079
5740414
43164
38067
35417
34560
37038
36028
44259
38093
40741
39151
33467
41134
40608
3885607
32722
32536
34030
34132
41170
40682
37021
39043
3354965
45815
37355
34735
36727
38142
31344
42477
39082
43691
39138
31355
318082
34553
36881
35394
38698
35814
38072
37468
41825
3885575
32009
39765
40543
40793
32796
40990
32318
37456
34583
43838
43475
246620
50209
37013
33933
33459
37043
38360
318562
31408
36862
33942
41000
3772566
31574
246587
39926
40327
39062
40778
41168
37862
50169
37152
41090
40863
318040
32619
318608
38715
10178866
47869
50074
34289
5740318
248102
2768990
44637
38396
44095
34881
43229
31943
33802
35540
4379892
40088
43453
40280
42642
8674051
33814
41612
33920
31158
34313
36104
33241
19835504
38012
38773
31564
37682
42206
19835727
35549
34557
41465
39103
43532
41019
37247
36966
32891
41047
39217
36583
32880
42005
34684
32095
41187
37037
33229
3772145
37117
34263
41428
12798517
42220
40760
33071
32620
19835655
39683
326206
38502
43423
42162
35004
7354423
38590
41483
31090
39855
34878
41094
42797
38629
44679
53562
39219
5740544
37363
32723
40139
43148
36564
41182
40850
41355
40064
42817
40371
41017
31430
12798408
43974
36054
37427
38133
34776
38772
3772559
43463
3772180
31712
45883
38292
246505
40181
36190
36634
33571
42614
41140
33062
35979
33793
30522396
33310
43103
318682
41867
318946
37710
41390
35768
38347
3772427
36886
40800
38244
43804
5740474
2768853
37510
34225
42889
34514
45374
41852
41704
43563
246438
30522400
35715
41273
43770
2768680
35709
37106
36297
32798
32267
35949
42554
10178781
40143
38865
40102
37853
3772276
41646
36073
41217
38588
31185
32860
318206
41423
53569
39149
38217
46069
45328
43794
35084
33276
31379
42918
31707
32448
37978
40988
19836008
43924
38740
32127
31342
36789
32993
34997
41069
33343
3355134
19835548
41057
32000
36425
318595
38175
35569
33846
39261
35287
44531
40532
31168
40513
37772
53577
5740235
41883
38185
41055
33156
40761
37661
32572
33676
39204
43787
37760
36523
19834907
38087
38668
36147
34808
35070
40826
39338
43695
326173
40762
318857
41144
43729
26067037
39789
40339
40314
32627
36333
39029
42444
42428
39567
38402
